50 70 52 498 127 11 2011 5 6 34 77 1567 4 6 34 5
370 4 242 4 242 4 242 4 242 81 288 5 370 13 288 5 6 2658 579 48 464 5 573 13 1771 245 4 2579 2760 34 629 12 2074 1106 324 2536 26 5 5 5 2263 33 2808 338 5 5 5 1651 5
369 5
50 16 19 385 5
155 4 6 7 115 58 8 514 1402 5
20 4 300 7 24 55 9 20 4 8 18 4 6 77 65 21 104 15 638 226 46 99 5 6 66 4 55 22 500 19 169 52 93 16 6 7 120 132 616 52 1072 21 200 402 26 2598 4 42 210 4 42 534 5 47 4 75 575 25 2180 23 457 1455 5
80 39 233 1385 984 4 55 7 17 41 126 19 12 136 1634 7 17 1086 39 11 340 5
256 9 6 277 114 188 2208 5
64 28 5 64 55 2597 13 253 255 5
47 4 38 22 433 12 51 12 2525 26 2523 230 8 411 556 5 6 66 4 86 36 8 51 12 13 1339 2291 287 295 13 556 9 468 5 5 5 152 12 13 1034 4 152 12 11 5 5 5 1353 5
202 4 375 21 27 1824 1272 9
1493 4 42 5
50 18 28 9 105 1971 45 8 7 120 132 452 168 1206 253 26 206 2705 614 5
632 5
89 4 194 21 23 674 26 25 1215 4 152 194 15 23 4 6 60 7 24 18 5 5 5 56 4 74 4 6 7 35 386 26 1251 59 8 5
64 4 28 63 8 396 88 9
53 5
50 27 198 220 9
43 9
43 63 8 321 59 9
105 7 17 656 632 5
20 4 55 7 17 1258 279 5 190 491 62 14 656 632 34 267 39 13 631 5
184 4 76 8 51 4 372 5
20 85 4 454 10
2220 4 182 296 9 692 7 24 8 27 12 37 75 48 673 88 9
20 5 5 5 5 25 5 5 5 85 5
335 14 462 9 192 2382 2520 608 9
122 6 7 35 41 37 78 5 5 5 39 11 598 26 25 261 5 6 66 4 6 49 7 24 298 67 46 99 5 6 7 35 11 81 143 439 99 627 1671 5 159 7 17 2495 151 26 19 5
225 7 17 22 561 151 73 4 74 4 73 2577 13 2297 294 72 2388 21 618 5
292 9 362 7 54 127 511 127 146 16 5 5 5 514 14 146 5
278 5
203 8 32 58 15 9
124 4 6 98 45 125 5 40 4 42 265 8 5
40 4 42 77 5 6 5 5 6 1061 7 24 169 57 59 15 5 190 179 667 5
6 7 271 45 13 2053 33 11 1896 46 13 2140 5
1277 5
632 16 6 63 109 332 39 11 340 4 471 9
20 42 42 4 21 23 32 39 99 4 21 23 39 19 5 108 140 55 7 17 193 1258 56 6 754 136 2468 59 1997 135 173 1194 5
91 5 6 7 115 37 333 31 22 13 485 5
472 5
20 85 4 8 955 142 11 2222 5
43 59 19 9
43 236 9 20 4 236 63 4 94 4 39 5 5 2253 16 1722 5
20 5 5 5 748 5
155 5
1368 234 5
47 38 5 5 5 38 224 438 67 5
860 856 68 236 9
20 4 119 5 459 5 422 34 13 1863 4 74 4 1211 67 1772 4 56 55 326 15 5
107 5
20 4 8 16 19 9
107 5
2349 31 4 440 6 88 2582 8 786 16 786 440 469 9
165 1061 7 24 6 68 12 102 9 6 114 267 75 11 154 834 5
40 42 42 4 6 66 4 182 4 123 506 7 24 6 37 414 39 8 9 43 98 15 121 59 19 83 6 586 7 24 2226 31 48 1770 9 6 7 35 1790 293 4 186 19 10
1543 2027 5
516 5
171 23 52 348 5 50 7 54 221 41 37 33 1394 5
879 15 494 9
6 129 77 32 109 5 6 60 7 24 61 15 5 362 603 415 264 4 123 36 101 158 12 61 469 9
363 8 117 160 14 13 631 5
89 4 14 275 358 12 36 46 21 4 208 9 225 7 17 25 1669 5 363 73 70 1638 13 147 4 674 26 8 7 271 2205 19 12 37 78 5
740 10
108 23 52 93 10 203 15 164 10
40 42 4 14 7 17 19 5
20 4 863 5
283 266 208 9
20 25 617 5
20 4 6 186 6 114 11 2095 1642 46 11 1019 33 11 2048 5
91 4 737 5 357 5
80 8 114 42 406 101 731 7 24 257 547 9
40 5 89 4 6 248 8 6 129 32 13 526 26 21 100 5
43 7 17 11 494 9
43 9
749 4 28 7 17 11 494 9 43 239 9
20 25 617 5
105 7 17 208 5 6 7 35 84 5
6 74 49 7 24 186 6 7 35 41 121 21 4 56 6 65 724 7 17 57 5
89 4 36 8 134 72 9 80 8 60 7 24 27 12 37 139 2589 59 21 5
47 87 14 7 17 15 5 80 83 2006 16 1870 49 7 24 832 14 4 87 11 345 46 176 5 89 4 83 25 630 249 7 24 68 19 12 904 8 4 42 140 14 98 27 583 19 5 89 4 21 23 48 834 5 203 15 5
1773 104 5
29 4 49 7 24 312 56 5
107 5
29 5
40 4 14 7 17 185 5
107 5
47 4 274 4 6 34 469 5
29 4 131 280 4 97 55 110 15 4 15 34 412 5 407 6 110 15 12 25 1073 7 17 1189 5 5 5 82 26 11 1155 6 27 21 150 2082 425 5
2534 9
50 18 6 65 55 170 37 1351 4 7 1003 55 2780 55 7 17 13 2879 4 16 74 4 8 18 4 300 7 24 1209 26 14 2562 5
47 38 137 22 431 31 16 2212 39 2446 5
218 5
124 4 840 72 46 13 1978 2897 7 17 13 93 406 5 144 411 117 27 13 2244 1109 4 585 4 22 31 592 73 300 7 24 13 1035 5
272 81 104 101 7 54 32 181 5
108 7 17 86 2856 1233 1862 2908 5
370 4 242 4 242 5
47 4 8 471 1379 1502 2298 9
47 4 73 555 11 1097 2424 26 14 5
20 42 42 42 4 73 7 17 13 1548 1519 210 5 29 4 73 510 14 149 23 221 252 5 566 1388 5
53 4 22 151 21 269 510 73 49 221 58 149 400 11 1081 625 31 72 837 639 379 7 24 66 73 7 17 32 13 447 5 6 66 4 375 73 32 949 2445 4 375 73 32 949 134 9 43 7 54 8 1078 7 75 19 39 9 159 7 17 11 81 143 458 12 2340 11 2303 5
420 2249 10
108 7 17 28 6 110 97 6 432 25 2067 5
80 8 410 11 601 682 67 4 8 987 5
43 4 8 174 113 145 31 11 659 9 20 163 5 6 7 35 32 729 12 191 81 582 31 11 2913 2072 9
64 4 63 8 96 31 11 2376 4 152 63 8 22 77 2723 5
742 2311 235 4 39 13 288 78 6 985 249 7 24 58 130 5
877 5
268 4 454 4 454 15 23 5
203 8 18 19 152 63 8 22 77 93 75 21 381 9
710 1504 4 57 4 90 4 722 4 8 113 5 5 5 119 210 2463 67 5
20 4 57 4 131 90 4 6 1437 1049 648 16 2225 6 741 7 24 13 2690 5
124 4 133 87 6 4 74 4 467 2679 127 13 1983 2937 5 214 85 6 60 7 24 36 14 390 5
40 4 1583 2229 34 11 640 143 98 756 215 39 391 4 1492 2623 34 11 147 143 114 42 1156 5
155 14 7 17 32 28 55 34 162 5 184 4 55 34 436 39 136 883 391 5
20 74 4 1037 4 155 5
47 4 74 4 209 7 17 647 81 173 5 5 5 78 8 51 4 121 1057 7 17 4 426 1037 7 1275 5
40 81 34 285 12 399 14 9
53 4 921 13 2487 31 19 4 6 129 250 5
315 4 97 8 7 54 2773 13 1518 5
47 87 4 86 36 8 18 97 1596 63 250 9
155 4 87 4 756 19 4 6 7 35 250 5
6 7 120 501 11 461 269 5 155 4 38 7 54 1276 33 72 1810 4 38 7 54 2620 285 4 16 87 1744 73 491 12 19 16 323 4 7 203 8 232 68 12 36 15 31 168 835 9 7
520 4 6 186 25 1097 1093 70 4 7 2642 4 2098 1624 2693 7 5 6 66 6 249 7 24 18 28 12 121 4 86 36 8 18 83 8 117 36 15 33 168 835 9
20 42 42 42 42 4 42 42 42 42 42 42 4 8 58 4 28 6 114 1077 506 7 24 126 173 14 426 4 426 237 1236 5
47 4 2080 4 454 4 221 4 56 4 74 4 101 70 25 2514 2712 7 17 4 16 78 70 339 26 201 31 78 5
50 68 19 12 413 48 1157 9
47 4 83 6 34 387 48 435 87 4 74 4 28 98 8 37 387 9 5 5 5 50 7 54 2077 5
6 7 35 1230 31 5 5 5 16 13 112 62 5
263 6 306 12 168 82 1203 533 376 16 85 23 452 67 39 15 5
227 88 4 57 76 5 692 7 24 130 65 38 7 54 31 386 26 13 1668 2326 362 36 27 11 2120 5
6 7 35 109 12 11 604 88 5
6 49 7 24 186 38 7 54 162 21 5
1977 5
43 9
20 5
155 4 56 74 4 6 549 8 661 21 384 38 7 54 41 479 1306 59 11 1969 5
53 4 36 8 68 21 250 736 4 152 36 8 68 21 250 57 9
155 5
47 4 8 68 19 12 74 4 1736 215 4 1637 5 5 5 710 9 710 5
304 9 545 4 2391 66 9
43 4 28 7 17 28 8 66 9
108 34 31 11 1049 648 5 177 137 8 193 37 561 59 14 9
184 4 6 549 8 661 8 7 54 32 257 236 847 133 5
149 9
149 10
20 4 42 42 42 4 73 377 142 46 25 1014 5
335 527 5 5 5 6 7 35 2656 1157 5
40 4 42 4 21 23 11 154 104 5
6 34 32 276 176 62 4 710 747 19 12 413 176 5
40 5 6 7 35 32 1243 8 152 856 297 58 4 232 5
40 4 42 4 8 60 7 24 27 12 58 5
184 4 81 26 8 246 19 48 847 5
177 49 8 32 37 387 205 435 9
184 113 106 6 7 115 246 8 305 1433 39 48 847 5
53 671 4 49 6 27 11 1272 451 8 9
177 308 8 132 1684 7 12 121 14 9
459 5
20 4 14 7 17 78 33 11 1169 4 58 11 2398 4 180 1965 5
322 2699 9 256 6 4 6 137 36 125 13 112 173 2646 83 8 45 5
50 79 15 5
184 4 131 6 7 35 2429 11 2407 5
641 4 42 42 60 7 24 2163 4 6 7 35 41 854 15 5
108 7 17 48 160 5
47 4 6 187 14 6 98 1137 67 11 2361 5
362 7 2551 279 5
40 77 4 101 7 54 155 5
664 4 6 34 41 36 176 2546 5
6 7 35 1935 76 5
29 4 6 65 14 2183 659 221 79 11 673 142 19 5
20 90 4 131 78 7 17 11 2143 14 6 359 7 24 191 1659 5
40 42 42 4 83 6 586 7 24 1330 8 133 57 332 87 6 7 271 169 1090 16 1544 353 104 6 512 8 5
2729 4 235 14 23 2846 5 105 578 27 976 8 1782 13 2428 1547 5
91 5
64 4 28 7 17 21 5
161 4 14 23 13 743 5 190 81 112 1290 4 74 4 123 32 106 7 17 639 9
20 4 85 1602 5
545 27 8 132 9
40 4 56 14 7 17 428 7 156 6 689 7 24 747 176 397 5
259 4 90 4 52 74 4 981 4 247 4 6 7 35 84 6 249 7 24 111 8 21 216 56 273 4 6 4 6 7 35 42 1005 75 25 210 4 6 4 6 114 12 383 15 5
263 101 439 19 5
961 1635 133 78 9
50 27 1089 1888 9
1507 7 4 919 7 4 182 8 7 54 13 2135 5 6 7 35 868 4 6 7 35 868 4 265 8 4 6 7 35 328 1860 5
20 4 94 4 14 34 25 1867 1172 175 533 376 5 6 34 74 4 13 112 890 87 5
53 4 8 79 19 4 262 15 31 5
50 18 28 21 23 4 21 23 201 257 333 39 11 920 5
1783 76 219 5
1274 67 4 11 1459 2830 757 1768 5
20 4 8 113 52 119 5
1187 5
1442 4 6 65 6 79 1469 33 8 5
20 4 219 4 615 15 142 5
456 4 15 23 32 5 43 7 17 46 11 1328 819 9
394 18 4 1338 512 948 1249 338 569 5 1286 282 34 31 11 463 5
6 22 248 118 14 1338 1101 25 2682 5
363 8 7 54 32 109 87 6 60 7 24 68 12 51 703 5
6 49 7 24 186 8 110 14 5
355 4 6 7 35 593 5
184 5
171 1074 23 498 4 6 66 2343 967 2885 23 1021 2187 5
53 8 5
20 8 18 4 243 135 11 1610 4 74 4 1126 1712 4 2118 1520 5
29 4 90 4 90 5 6 79 12 61 12 11 502 5 64 94 4 6 7 115 58 8 255 5
278 96 5
6 248 8 78 34 109 12 37 2560 5
105 98 77 312 97 6 7 35 1201 8 83 8 249 7 24 1524 62 25 497 7 17 282 5
20 5
274 5
274 5
43 4 28 5
80 14 7 17 4 14 7 17 412 123 9
6 4 6 18 15 7 17 150 4 6 22 249 7 24 18 15 34 74 4 2038 150 5
155 4 25 713 70 42 230 1217 48 441 5
40 58 88 4 88 6 49 7 24 151 74 4 6 7 35 616 139 1800 1973 5
1739 4 74 4 11 888 7 17 785 5
108 7 17 2567 5
40 5
40 5
40 5
108 34 305 693 537 5
20 5 228 4 27 8 232 132 74 4 8 18 4 1511 7 285 46 13 299 16 74 4 73 326 2368 7 9
29 5 6 60 7 24 18 4 6 7 120 132 1934 21 488 45 1396 648 1417 4 130 18 5 80 6 22 68 15 12 37 461 16 57 16 5 5 5 123 300 7 24 14 1283 1986 1102 400 11 1523 9
53 5
40 4 8 4 130 18 78 7 17 42 158 12 191 15 2191 5 5 5 86 9
2430 4 14 393 4 6 60 7 24 4 461 5
53 5
47 38 22 260 12 290 212 16 74 4 121 1103 5
89 75 14 4 101 359 7 24 196 615 565 950 5
47 4 123 7 54 8 82 455 67 9
43 9 50 27 13 303 9 576 46 9
536 7 478 4 28 7 17 136 282 9
141 33 4 111 19 5
20 4 6 655 4 28 5
576 7 17 672 690 9 2685 4 893 690 9 50 27 13 303 46 893 690 9 165 4 123 4 123 167 14 916 19 9 6 4 6 134 14 235 4 55 7 17 45 13 74 4 596 12 219 5
893 690 23 2906 9
105 7 17 11 502 164 4 49 6 4 217 5
634 4 587 4 587 927 300 7 24 317 12 37 31 14 2506 5 40 5 40 5 40 4 1872 4 1250 34 977 4 927 34 174 1390 977 5
20 113 4 6 49 7 24 186 21 5 89 4 1250 2401 7 24 196 1183 86 12 388 2108 397 16 101 7 120 79 99 76 1499 4 46 2404 2637 5 165 60 7 24 4 123 60 7 24 101 22 246 99 13 2271 9 6 7 35 84 4 6 7 35 84 21 23 669 52 308 4 130 18 4 6 4 6 4 15 7 17 22 15 7 17 1005 258 6 1641 4 38 170 27 544 5
2884 10
202 5
6 7 35 250 5
843 4 155 4 6 7 35 84 4 209 7 17 74 4 123 60 7 24 38 754 1883 297 5
40 4 42 4 38 359 7 24 5
536 7 478 5
2807 5 203 8 68 1912 152 2530 9
155 4 88 4 781 5 155 5
430 5
47 74 4 8 58 14 4 14 112 2203 26 1233 513 12 11 150 81 9 108 23 1407 2518 5
6 7 120 42 406 4 137 37 5 228 4 6 7 35 84 6 114 12 226 255 5
50 7 54 32 2454 5
43 5 20 42 4 8 22 1213 116 11 419 625 5
91 5
6 18 15 23 243 2762 5
144 7 54 32 584 5
43 9
29 4 52 5
47 4 14 34 277 7 156 6 467 11 1328 81 12 1632 11 1134 5
53 4 123 49 7 24 38 388 11 313 1821 4 56 38 49 388 11 313 1447 9
184 4 131 513 104 8 126 13 659 4 65 59 11 200 100 6 854 16 11 154 100 8 854 5
53 5
47 4 8 18 14 147 14 7 17 33 25 380 14 7 17 31 13 2196 9 159 7 17 2888 7 13 910 5
161 4 21 23 1235 5 43 7 54 8 41 61 9
64 230 8 791 7 15 9
20 4 23 364 11 231 8 7 54 41 111 176 59 8 188 9
302 8 186 21 238 9
284 4 6 34 22 31 11 604 4 16 78 7 17 2628 33 385 2890 26 8 5 64 97 8 7 54 31 78 15 7 17 45 8 7 54 1465 7 46 11 2392 5
53 10 144 70 22 2537 7 4 119 552 235 5
304 9
29 4 49 8 58 19 31 13 238 45 21 9
302 38 1051 21 9 6 129 32 814 31 11 147 7 17 552 5
165 98 6 68 650 552 4 211 9 6 7 120 603 79 168 552 14 6 134 5
184 4 8 68 11 839 9 6 7 35 2635 7 59 15 5
6 7 35 84 5 6 7 35 305 466 450 4 6 7 120 174 915 584 4 16 6 7 35 521 75 13 238 230 6 7 120 79 341 391 14 6 60 7 24 158 13 581 390 5
43 7 54 8 791 7 52 2591 62 26 2304 39 4 211 9 105 7 17 32 45 38 1982 12 415 264 524 5 144 7 54 32 2499 16 1057 5
47 14 7 17 86 6 169 5
47 87 194 6 170 5
459 5 366 8 7 115 37 629 12 1350 173 2701 104 46 48 320 220 4 11 944 5
53 5
53 247 4 6 7 35 84 59 28 239 5 5 5
6 18 5 29 5
40 4 38 7 54 279 5
1534 944 5 459 5
2055 7 115 51 119 31 25 324 238 5 50 18 4 7 1003 6 61 320 917 5
47 4 6 49 7 24 388 236 524 5 6 66 4 209 7 17 465 15 4 101 7 54 42 361 12 11 2805 5
6 7 35 866 7 62 45 38 515 59 5
47 4 15 34 13 607 5 5 5 1719 33 813 206 4 471 5 1149 86 6 174 915 584 152 215 5 6 22 65 15 98 37 93 39 19 4 130 18 4 312 19 12 844 152 5 5 5 1354 5
53 4 63 8 348 46 21 5 6 66 4 6 60 7 24 68 12 383 8 533 16 1122 5
634 5 165 36 8 61 12 244 11 486 9
29 5 80 74 4 6 909 39 11 198 457 5
184 4 8 7 54 33 5 6 49 126 188 237 62 26 25 231 12 1369 48 1179 5
634 4 587 4 587 4 587 5 788 497 9
336 62 26 11 769 5 2065 15 4 980 15 5
124 10 80 11 486 23 560 5
53 4 8 96 63 193 41 102 2824 19 4 57 9
20 1422 4 15 7 17 74 4 15 7 17 32 28 8 65 5 144 74 4 38 467 15 12 4 8 18 4 2040 667 2402 142 11 1884 5 759 14 4 349 2179 533 429 586 7 24 196 61 1833 2648 11 1160 5
1196 4 8 244 15 4 8 158 11 2612 5
64 4 6 316 21 23 15 5
228 4 74 4 6 60 7 24 18 97 6 7 35 41 58 8 164 5
227 4 90 5 155 5 259 4 126 234 5
161 149 4 21 23 4 981 5 5 5
1711 15 23 5
149 4 655 19 125 5
2094 160 19 175 14 204 5
2199 106 4 61 48 441 62 26 11 604 5
1198 1799 28 4 8 27 42 531 5
404 534 275 132 31 78 39 116 168 996 5 6 49 7 24 186 15 4 15 7 17 45 6 7 35 837 46 99 164 5 159 7 17 76 97 6 51 12 310 4 55 7 17 76 97 6 1788 67 4 55 7 17 76 97 6 68 12 388 11 659 4 1579 5 105 7 17 45 6 7 35 1933 82 116 164 5
2745 1702 1897 2022 10 10
6 549 8 2527 48 531 62 26 11 1134 5
1274 67 5
725 15 62 5
122 6 187 8 260 12 415 212 416 5
6 655 8 4 55 98 635 68 8 133 5
2632 5
192 73 383 13 241 9
6 60 7 24 27 72 241 4 2194 5
6 7 35 32 13 293 4 8 7 54 11 293 5
50 117 61 62 26 25 465 9
896 19 14 5
91 372 4 113 216 6 482 4 110 6 383 25 1647 75 48 238 9 91 698 5
6 49 7 24 186 55 275 13 324 581 5 576 23 21 147 9
6 117 2925 1955 5
105 7 17 25 750 5
1919 19 5
20 14 7 17 119 4 123 60 7 24 8 111 1270 33 19 5
155 4 28 7 54 38 41 36 59 21 9
335 14 4 21 4 1614 5 20 25 85 4 106 4 1561 4 8 7 54 4 15 7 17 1922 4 2235 4 232 1906 8 132 76 5
6 22 49 7 24 1176 8 548 76 82 11 104 5
656 9 656 4 8 65 21 23 267 9
106 4 6 833 8 97 38 70 429 5
124 5 6 833 8 5 6 66 6 4 6 4 1529 8 31 13 7 8 7 54 25 596 52 6 27 12 7 386 26 140 4 56 936 4 90 4 6 833 48 2345 5
263 4 8 70 66 12 19 16 8 4 8 2002 19 16 8 240 4 240 79 48 140 5
2289 10
470 6 134 8 5 80 32 22 7 156 6 27 12 5
29 5 50 7 54 22 41 27 12 290 1454 19 142 5
366 6 359 7 24 27 12 551 8 5
29 4 477 5 50 18 28 9
363 8 77 68 12 489 14 2706 100 4 8 49 5
64 28 7 54 8 41 36 9
472 5
362 359 7 24 126 8 12 11 956 5
149 5
85 14 23 93 750 5
671 4 245 46 1759 5
394 18 671 4 60 7 24 169 52 462 39 7 444 5 836 101 7 54 250 331 4 6 298 62 11 112 2511 535 16 311 275 13 243 93 104 5
284 55 7 17 13 4 55 7 17 32 13 150 2206 26 939 5
40 55 7 17 4 55 7 17 279 4 22 74 4 55 1963 460 26 136 104 31 136 639 5
144 60 7 24 158 12 2746 14 5
108 34 52 2956 5
64 4 8 74 4 8 65 14 1757 1408 147 424 13 253 26 773 2160 9
43 7 54 8 868 9 6 438 67 46 72 5 225 221 187 14 1116 1013 34 11 2784 26 2948 5
47 15 7 17 32 1116 1013 5
91 5
20 4 74 4 55 7 17 32 76 57 88 4 74 4 6 7 35 180 4 49 6 126 13 897 4 152 4 152 13 1522 9
20 4 217 4 1154 7 478 31 5
20 5
20 90 4 48 74 4 282 342 67 31 13 74 4 1018 14 2478 19 12 25 328 2634 5
124 5 53 4 49 6 499 8 4 23 697 13 112 5 5 5
2250 2659 9 536 7 478 31 76 8 1397 5
278 5
64 4 38 791 7 13 334 9
697 4 6 249 7 24 310 46 48 1131 5
171 23 728 5 171 23 354 5 225 342 116 39 45 188 237 4 1300 142 13 334 1514 4 16 410 4 519 26 608 5
2207 9
422 34 42 334 97 73 1300 15 142 5
53 6 249 7 24 551 48 334 5 89 697 5 5 5 879 8 113 75 28 6 7 35 864 7 76 5 108 49 7 24 37 676 5 64 38 7 54 22 41 126 21 147 57 142 130 16 262 99 76 31 389 5 1398 5 1415 9
64 4 97 6 1028 67 21 618 4 55 7 271 2436 82 11 2142 62 26 25 772 5
263 55 510 6 2555 46 136 1131 16 1218 136 334 5
263 567 4 207 451 8 310 46 325 4 8 27 12 551 11 334 5
20 4 6 7 35 185 59 25 425 88 4 212 11 140 5
144 7 54 1251 59 8 5
144 342 116 127 633 127 38 512 5
105 7 17 41 37 208 5 50 18 14 9
6 7 35 84 235 5
2008 5
29 279 5 43 7 54 236 4 1996 9
228 697 4 94 4 6 7 120 132 347 59 233 1874 837 2261 16 74 4 123 63 8 1244 9
47 14 7 17 32 168 4 196 13 320 334 5 40 4 14 7 17 13 2013 2703 5
107 4 93 146 5 50 150 1004 26 1590 5
53 5
1939 4 8 45 15 9 171 147 34 2350 7 176 33 1484 2058 16 6 1022 75 7 444 16 6 585 4 8 18 28 6 60 7 24 27 9
473 4 191 267 5 6 65 15 7 17 2165 5
53 4 6 7 115 37 279 5 6 66 15 7 17 32 45 6 7 35 809 175 1403 81 5 6 34 252 5 566 623 1063 26 761 1119 5 2115 9 6 66 14 7 17 199 27 179 386 26 1859 5
180 337 19 539 26 11 231 601 463 5 6 7 35 41 61 179 558 5
2606 68 13 2307 5
64 4 8 7 54 32 712 75 19 39 257 2755 16 266 9
40 4 49 38 61 133 12 19 9
184 5 1685 1541 241 188 9
122 6 34 252 5 566 623 5 177 49 6 51 175 1069 7 13 2009 12 1478 7 13 649 9
122 21 23 13 188 719 526 4 15 7 17 45 1108 7 13 2278 2412 5 6 7 35 32 41 36 21 5
6 7 35 84 5 292 130 5
43 23 15 9
292 4 21 23 123 6 60 7 24 303 535 143 892 5 668 5
105 7 17 25 1937 1929 5 1501 81 26 188 5 108 49 7 24 37 93 5
20 25 85 5
89 75 21 4 86 110 6 1350 52 135 391 9
520 5
360 1355 5 53 11 147 197 101 2845 19 4 55 2357 46 168 1490 4 6 34 82 1391 5 6 60 7 24 18 28 6 7 35 41 36 5
43 9
108 7 17 13 188 719 526 5
64 28 5
53 4 113 4 6 60 7 24 158 8 257 82 2535 16 1838 16 2030 5
29 5
47 1228 15 142 4 8 7 54 317 12 37 25 361 5
47 87 111 19 213 45 4 7 149 8 7 115 37 185 4 7 16 4 7 2092 31 78 4 7 16 4 16 4 7 1735 7 150 7 17 2029 102 547 4 6 18 15 5 7
53 106 4 6 7 35 1815 26 28 6 1044 5
89 4 6 60 7 24 117 399 21 57 88 5
47 60 7 24 22 121 5
107 5
6 60 7 24 158 12 65 59 15 5 6 34 252 5 566 623 5 108 34 620 5 621 213 63 41 433 4 8 7 115 58 5 106 4 8 193 78 9
53 423 4 209 19 61 13 739 12 51 5
284 4 15 7 17 2390 206 5 6 60 7 24 18 83 8 1320 56 101 1218 142 25 1188 33 11 380 5
6 955 145 168 835 954 5
43 9
128 11 140 12 11 926 211 9 50 18 14 7 17 116 305 1142 4 14 7 17 41 976 8 59 52 855 5
43 9
417 4 8 18 28 15 23 9 105 7 17 2342 7 156 101 7 54 2713 2447 5 470 97 6 34 1063 26 761 1427 252 5 566 623 4 101 7 271 666 116 11 281 1758 33 320 463 16 266 5
80 4 16 22 52 8 18 4 83 8 260 12 2056 21 1303 45 4 45 27 11 649 2292 152 1438 7 4 6 137 2188 12 11 1766 7 156 6 27 13 1956 31 1844 825 5
40 42 4 74 4 60 7 24 265 19 39 1598 7 31 5 268 4 75 575 209 19 1777 5 268 4 38 137 126 11 1453 56 74 4 21 104 26 231 8 7 54 318 142 669 11 2119 5 50 70 619 7 39 11 539 2603 78 731 7 24 130 5 6 7 115 27 13 93 231 5
20 182 74 4 37 1055 46 14 2377 200 1470 4 2155 23 13 112 1601 5
362 7 54 1108 82 25 206 133 5 6 316 8 70 57 5
367 106 5
6 306 5
6 249 7 24 61 15 5
43 9
304 9
20 4 32 25 1846 5
6 49 7 24 489 21 5
1570 4 6 34 168 1414 1163 4 1217 11 2728 5
367 106 5 6 77 45 14 1928 585 5 5 5 6 7 115 126 11 476 585 5
218 5
6 18 6 98 5
53 42 425 5
2528 4 1664 6 7 35 208 5 20 16 74 4 22 52 8 18 4 6 7 35 32 866 7 133 31 7 156 6 27 12 5 47 4 6 66 4 6 36 27 12 5 105 7 17 22 14 14 238 741 7 24 77 4 6 66 4 21 23 5 5 5
322 112 2912 9
43 239 12 11 939 9
159 909 13 253 26 391 39 15 5
47 4 6 114 13 281 1615 1353 100 619 7 116 78 56 88 4 287 11 198 917 4 15 22 555 1756 5
43 7 54 8 1894 7 59 9
29 56 671 4 28 59 11 519 9
40 42 4 8 7 54 185 4 8 7 54 185 5
91 5
20 8 96 63 32 41 186 28 239 5
107 4 38 70 1276 116 78 331 33 11 1033 16 55 1962 11 486 16 55 2545 1296 67 5 159 2681 1296 67 5 2823 235 5 6 7 35 84 8 96 589 15 56 6 110 1025 15 52 15 8 96 68 12 58 15 5
6 60 7 24 186 21 5 6 479 4 6 479 11 154 104 26 266 5 6 589 4 28 4 11 154 104 55 1213 116 4 11 154 104 55 1222 5 43 297 110 6 479 9 1645 55 1344 397 4 23 55 2737 4 375 55 27 13 2198 2456 9
612 4 6 4 6 7 35 52 704 26 1377 206 5 394 18 4 6 68 99 39 173 258 4 258 13 231 4 6 68 99 39 13 281 340 5 40 247 4 6 66 4 6 169 2269
256 9 6 66 4 6 4 6 114 13 281 2882 1921 5
20 113 4 110 4 110 8 22 58 14 9 192 8 58 9 159 22 675 4 55 22 675 4 55 7 17 174 675 216 4 8 7 120 174 675 216 5 124 55 275 5 420 93 5
47 4 130 18 4 101 7 54 13 112 953 11 569 31 2624 2288 5
2917 1270 5
2364 13 93 104 5 107 4 344 5
29 5
47 39 2168 4 8 638 68 12 819 15 16 442 11 2704 5
89 15 7 17 11 1945 1609 2032 127 180 5
29 4 8 77 2665 14 853 560 5
214 8 5
91 4 38 7 54 2887 5 105 7 17 344 16 136 942 5 1426 5 302 8 121 942 9 89 4 6 7 35 41 111 48 2816 8 197 15 518 52 8 411 127 131 647 5
1196 5 322 481 537 6 79 13 2680 62 26 99 4 395 6 187 4 130 18 4 411 615 294 2851 2608 56 5 5 5 53 4 98 8 74 4 98 8 445 99 39 13 1483 4 7 156 6 4 6 199 126 21 142 5
43 7 54 8 162 9
29 4 131 4 55 7 17 13 293 32 13 1496 5
47 22 445 99 45 8 7 271 445 13 767 5
107 4 76 4 76 5 422 38 51 5
105 7 17 279 4 15 7 17 42 150 382 5
29 4 635 4 6 7 35 280 8 7 115 169 289 511 97 15 7 17 233 293 5
43 9
1627 4 90 5 6 66 4 221 6 224 65 14 38 7 115 27 4 38 7 115 27 188 887 5
29 5 394 18 4 13 1046 16 13 299 5 2576 11 299 170 102 154 52 344 76 359 7 24 169 139 970 5
47 4 38 359 7 24 117 2777 429 31 11 1241 52 38 7 115 428 702 12 74 4 2086 5
29 4 14 140 6 800 4 130 18 4 38 7 115 37 721 341 332 175 233 630 14 38 60 7 24 27 12 58 176 82 11 104 56 684 341 14 101 49 102 116 16 1828 2462 38 68 5 80 454 4 6 18 4 11 1696 63 13 112 1616 258 4 209 7 17 121 4 1525 2121 56 11 376 2354 7 17 1015 119 5
304 9
107 4 28 11 345 239 133 78 9
47 6 7 35 84 4 6 65 59 206 5 394 18 4 6 66 4 8 7 54 75 226 4 8 7 54 2083 2273 4 48 464 1988 5
536 7 478 4 28 4 8 174 65 59 233 1295 9
40 4 42 4 6 66 4 130 18 4 6 4 6 892 13 574 16 78 34 13 299 1161 2955 16 6 187 4 6 187 14 411 37 93 5
272 150 574 26 2543 7 1032 5
29 5
107 185 5
144 7 54 32 250 5
107 4 87 8 7 54 41 27 12 683 14 8 7 54 46 13 147 143 7 17 32 41 290 1733 136 1295 46 8 151 55 901 14 38 7 54 41 519 67 264 16 83 14 1446 8 4 795 4 7 156 8 7 54 41 27 12 382 46 14 5
327 4 7 156 6 134 8 5
29 5
47 14 7 17 11 154 104 38 7 120 197 14 5
47 4 6 7 35 41 792 8 5
107 4 16 87 8 126 11 1048 1360 16 8 262 15 31 11 1048 1360 2901 5
218 5
141 33 67 5 6 7 35 41 61 11 598 26 136 206 264 5
843 4 28 9
43 4 11 539 346 9
459 4 119 4 16 6 479 14 139 4 6 479 266 5
1204 59 346 5
47 4 21 34 267 5 268 4 38 167 77 36 15 164 2423 4 1420 7 2502 121 9 107 5 184 52 6 7 120 79 99 5
2850 57 5 107 4 437 8 96 5
278 344 5
184 4 279 4 208 5 278 5
278 5
278 5
278 5
107 4 57 78 5 108 4 14 7 17 11 1124 912 364 5 227 78 5
40 4 7 156 8 22 197 219 16 986 6 51 364 6 244 257 1224 508 19 12 51 58 25 427 5 315 97 6 34 1065 116 76 16 6 777 13 2265 5 5 5 395 23 25 427 7 17 200 282 5
80 101 70 2633 1546 395 23 136 154 282 1482 11 17 75 11 519 5 80 78 34 13 2283 46 2509 771 5
40 151 6 1752 62 11 200 104 97 6 751 12 403 99 5 64 6 66 2442 9 6 60 7 24 65 52 5
20 4 279 4 14 7 17 15 4 88 6 27 12 51 58 99 5
1890 5 2722 7 17 5 2640 1425 114 13 1903 4 25 219 23 13 861 5
20 85 4 76 38 51 5 1171 11 154 104 31 25 261 6 7 35 41 121 7 91 2214 7 5
367 5
53 4 182 4 42 4 217 217 5
40 42 42 4 2594 163 5 20 4 6 36 52 117 134 82 1355 4 163 42 5
89 1674 4 929 5 20 85 4 279 4 61 11 345 142 25 1165 8 1732 805 26 851 5 107 4 279 4 38 27 13 425 5
368 8 354 9
29 4 6 60 7 24 18 5
6 22 65 14 21 34 13 77 462 912 4 130 18 5 6 66 4 45 11 1562 75 11 2942 4 8 18 5 105 7 17 22 45 4 6 27 42 1121 410 4 130 18 5 6 66 738 39 25 812 4 8 18 4 56 209 7 17 465 15 4 73 7 17 32 41 37 285 524 4 1755 28 73 323 5 80 6 27 13 497 143 6 7 120 2230 1344 12 488 38 45 1527 13 2112 5 6 60 7 24 18 4 21 23 25 320 427 16 6 22 4 6 68 213 12 37 45 22 57 5
107 4 477 5 430 4 164
43 34 14 9
53 5
107 4 6 515 12 11 956 4 195 63 52 270 1376 5 850 4 55 197 14 11 112 2794 7 17 41 37 208 16 6 49 222 99 67 509 5
29 4 56 55 110 27 12 27 13 1009 26 1654 16 55 197 14 277 408 31 13 1263 1820 375 13 476 7 17 1599 844 133 52 5 5 5 193 845 5
6 4 6 60 7 24 117 403 25 427 116 11 204 5 43 129 6 41 121 4 45 7 91 4 6 7 35 207 4 11 964 8 1180 5 20 4 212 11 140 4 6 438 48 476 5 7
107 5 228 4 22 60 7 24 121 215 59 19 4 208 5
64 251 12 72 5
91 5
105 34 168 922 4 16 4 16 11 269 143 110 21 98 174 232 610 13 476 33 2847 5 225 7 17 13 2186 5
29 4 495 26 176 5 108 7 17 305 12 99 5 50 18 1348 4 83 4 83 15 7 17 2542 4 8 49 7 24 209 99 113 67 139 308 7 156 14 2484 7 115 2192 67 77 77 687 5
472 4 217 4 23 4 23 291 181 5
190 175 13 4 175 13 308 104 537 5 283 55 76 9
20 4 208 4 94 4 6 66 291 2643 5
107 52 170 55 37 133 633 9
184 4 6 7 35 4 6 7 35 41 51 5 6 7 35 84 59 11 476 4 266 5 6 7 35 84 5
259 131 6 60 7 24 77 5 190 1797 5 159 7 17 224 25 219 139 5
29 5 64 94 4 110 55 232 251 59 19 4 207 9
20 5
1612 9
161 5
6 60 7 24 18 28 12 36 46 14 5
29 5
6 7 35 32 41 5 122 8 18 28 7 17 348 585 9 107 4 83 8 114 13 361 1161 590 4 87 6 137 121 4 7 20 90 4 6 18 590 4 55 7 17 220 46 25 596 5 7
108 7 115 226 139 5
29 4 14 7 271 37 208 5
107 4 6 7 35 31 11 574 5
184 5 64 94 4 1515 211 9
107 5
53 270 969 5
43 9
50 117 37 31 2544 26 11 528 1715 9
184 5 363 8 96 60 7 24 68 15 12 37 1219 4 185 5 50 49 550 205 386 26 309 8 68 5
149 101 7 54 32 320 5 6 696 1142 1393 11 1416 26 236 213 4 208 4 101 7 54 829 5 292 1110 1110 5
107 4 94 52 4 6 193 27 12 1676 2124 16 1577 16 2496 2548 5
149 14 23 2213 5
64 28 239 9
47 4 86 453 22 72 698 9
434 6 603 764 72 5
107 4 38 7 54 32 295 505 971 4 38 7 54 295 505 1192 5
105 7 17 13 2224 2476 1458 1885 5
252 5 1133 5 20 25 85 15 7 17 118 7 17 219 5 43 7 54 8 162 76 9
40 42 4 11 427 49 4 56 94 4 488 6 129 11 581 6 49 111 8 14 73 7 17 32 76 16 6 7 115 980 547 11 897 4 208 5 64 1259 5
40 4 42 4 32 13 309 5 190 13 743 2367 26 179 195 118 901 5 259 4 21 23 207 16 180 16 149 5
1444 2742 147 5 1707 11 1776 5
1930 4 6 129 52 84 4 6 187 8 70 118 16 38 22 731 7 24 333 39 8 397 5
20 25 85 4 217 25 85 4 217 25 85 5
64 74 4 149 16 2915 4 6 4 6 65 15 7 17 104 14 8 126 252 5 1133 116 12 48 238 5
263 14 7 17 230 11 309 23 8 1550 5 292 21 23 22 11 2419 2870 5
180 137 8 75 575 666 179 535 12 25 309 9 184 14 7 17 106 5
107 4 311 4 78 7 17 528 16 1943 33 11 486 5 352 1284 11 1262 5
227 88 4 149 16 180 7 17 4 51 88 5
190 51 5
107 195 4 6 68 8 12 126 13 805 26 463 4 76 8 51 4 16 997 145 48 460 1269 1026 5 20 4 16 6 36 499 14 97 8 7 54 32 1787 11 1412 4 8 262 11 1254 133 33 176 151 101 170 1122 62 5
228 8 96 4 6 60 7 24 66 12 37 13 2420 59 21 56 4 94 4 6 7 120 2652 14 179 26 8 63 22 2104 176 33 5 50 117 2394 11 1254 902 8 399 176 2133 5 423 4 230 7 54 8 109 9
40 5 40 8 49 7 24 51 5 40 21 23 267 5 141 33 38 7 54 22 257 326 5 594 4 76 7 17 48 1911 5
107 4 11 154 447 7 17 460 1269 1026 23 4 7 319 4 48 309 734 5 7 420 412 5
43 9 6 60 7 24 58 215 5
1406 8 96 163 647 12 244 15 145 4 38 7 54 276 12 696 13 2089 1007 5
50 4 16 8 4 8 7 54 317 12 37 75 25 309 5 80 423 10 43 63 8 162 76 9
207 5
394 18 4 25 309 23 267 5 6 66 4 194 15 7 17 13 112 1690 4 937 2021 1261 267 56 4 8 18 4 83 195 98 22 246 15 13 680 5 5 5
107 4 477 39 602 4 6 549 8 96 114 267 5
107 170 36 5 64 563 8 342 5
107 4 209 19 51 841 5 404 698 68 7 17 12 121 1793 5
214 8 5
107 311 4 15 7 17 104 39 1192 5
107 4 14 7 17 341 5
20 4 6 1042 560 154 5
896 15 12 19 5
896 15 12 19 5
422 8 51 4 637 48 558 5
2435 4 207 4 111 201 216 55 49 2894 5
108 7 115 1128 8 12 1463 25 2351 5
2748 15 5
409 4 8 439 11 373 164 5 6 248 8 4 8 60 7 24 27 12 36 14 5 171 300 7 24 2670 5
2441 5 1375 11 580 98 37 1146 1146 1740 678 5
190 974 39 8 372 5
6 7 35 84 4 6 7 35 84 5 50 18 28 4 11 140 8 110 15 34 22 185 5
363 6 111 8 4 8 7 115 65 6 7 35 354 5
107 4 8 58 4 11 2122 506 7 24 37 75 11 1202 410 769 4 15 167 37 75 11 1169 57 769 5
6 7 35 22 2464 8 31 5
184 4 8 58 236 112 2465 2919 9 362 167 37 1587 67 4 32 145 4 151 4 131 4 11 517 26 11 373 23 230 11 1126 98 37 5 50 60 7 24 134 19 205 173 36 8 5
256 9 161 4 131 87 102 33 4 6 117 380 8 86 12 2172 11 601 463 294 13 770 5
50 113 2106 296 4 8 77 36 5
105 7 17 41 37 208 5 1576 7 17 132 867 667 5 159 7 17 22 41 37 52 563 14 8 60 7 24 27 1819 33 48 441 5
171 23 39 11 1473 2162 62 78 5 6 2570 1648 2678 12 565 713 5
105 7 17 39 565 591 93 5
1181 5 20 4 6 134 14 6 49 37 289 2234 285 8 88 5 1430 19 11 839 5 692 7 24 8 45 15 318 88 14 266 33 48 2667 23 1594 9
420 93 5
50 18 28 5 935 6 7 35 41 36 48 2000 5
6 7 35 41 988 176 12 25 104 5
40 42 5 292 4 31 25 1045 6 988 25 1275 588 237 687 5 50 117 18 123 9
40 482 15 4 6 7 35 32 41 111 8 88 5
40 5 292 8 60 7 24 683 5
40 5 50 60 7 24 27 205 26 236 1199 112 1535 213 5
20 90 5
184 4 131 111 19 81 26 914 5
43 83 101 61 1513 67 9
50 98 32 5 6 49 7 24 186 21 5 6 418 21 4 8 7 54 139 2905 5 6 49 7 24 186 25 534 379 7 24 27 13 100 5 360 534 379 7 24 27 13 100 5
43 7 17 67 9
29 9
40 296 5 50 27 12 310 33 21 378 26 11 373 151 6 27 12 310 33 21 378 26 11 373 5
40 5 621 382 4 52 8 27 13 378 26 11 373 4 311 275 13 378 26 11 373 5
184 4 51 33 5
20 25 85 4 8 7 54 13 1004 5
29 4 57 5
6 49 32 186 6 27 12 507 145 11 2716 31 694 26 338 195 436 45 125 8 556 97 48 2260 5
263 6 1220 1591 6 98 5
89 8 96 4 6 27 12 51 4 6 7 35 11 1908 5 80 1345 8 18 28 6 22 158 12 37 31 13 639 164 46 236 195 16 169 93 59 286 5
496 10
161 10 43 7 17 14 45 9
2417 12 499 99 9
53 10
91 5
29 4 97 6 34 31 11 604 6 512 11 559 14 6 1222 62 26 75 25 834 4 16 85 4 6 22 326 347 14 6 506 7 24 37 76 4 8 18 6 506 7 24 4 195 63 109 12 37 436 75 19 16 1497 19 16 4 16 347 59 11 200 104 5
85 6 18 4 8 7 54 57 5
30 4 6 7 115 58 8 451 11 100 5
214 8 4 30 4 30 5
20 25 85 21 23 1905 1152 5 6 65 11 277 100 14 1236 14 34 4 34 4 34 97 6 34 31 11 495 648 16 6 114 12 821 11 570 1268 31 694 26 11 763 376 5 6 65 6 79 59 188 2488 294 15 216 6 483 16 1545 62 5 20 25 85 4 25 763 261 23 1913 216 25 925 5
20 106 4 98 8 290 4 8 79 19 4 6 7 35 1050 8 5
20 346 4 389 5 968 4 346 737 5 968 5
30 4 88 14 23 11 1124 104 325 275 197 125 45 14 12 19 364 5
20 4 346 10
6 18 5
20 296 4 6 7 35 52 1509 26 8 4 2880 5
29 4 6 134 14 608 5 259 4 6 79 13 1290 39 8 96 5 165 36 195 244 23 396 14 23 93 12 58 19 67 16 59 9
2193 10
43 9 10
43 5
165 63 8 695 4 123 63 8 695 4 123 63 8 695 4 123 63 8 695 9
20 2331 85 5
225 8 31 11 1118 253 5
394 4 18 28 1481 4 6 7 35 32 41 383 5 6 428 167 4 56 6 7 35 32 4 58 7 156 6 1220 286 14 6 98 191 15 400 75 575 2295 26 48 1505 5 292 88 4 255 4 82 6
440 5 5 5 2113 4 265 8 296 4 16 36 11 2683 5 80 481 73 45 12 37 13 1144 4 2595 240 2439 1100 5 735 11 4 242 4 242 4 311 5 5 440
735 11 570 4 570 1268 272 1976 1359 2886 26 2771 5 735 11 570 4 2181 1589 4 1030 16 1255 70 240 11 1626 4 75 11 570 5 5 5 5
180 4 857 4 180 4 73 7 115 37 76 5
1010 1364 5 1010 1364 1304 5 254 5 107 4 454 4 6 58 86 8 79 78 5
40 4 58 4 6 7 35 276 21 324 2653 100 5 50 18 4 6 800 83 6 7 35 240 1087 11 204 4 195 7 115 65 6 60 7 24 27 13 261 5 360 617 4 2848 174 424 2282 5
43 9
609 76 5
43 7 120 8 132 67 12 9
302 8 445 33 13 888 9 6 27 650 160 5 6 134 72 5
6 7 35 133 5
259 4 1327 5 268 4 86 7 453 509 745 9 203 8 18 74 4 1915 1878 31 11 2148 4 121 4 2510 9
107 5 107 5 2872 13 204 275 521 909 142 5
6 7 35 845 14 97 609 379 7 24 380 67 4 73 170 2016 2828 31 11 597 871 26 11 2389 2842 75 11 513 486 5
107 4 2450 1309 4 2046 16 584 5 6 7 120 250 21
107 4 481 106 23 33 11 204 4 311 1979 19 305 855 39 136 505 5
53 4 102 33 4 38 79 11 711 4 11 2631 4 16 11 971 5
89 96 4 6 18 15 7 17 13 112 2650 5
122 15 7 17 106 5
6 7 115 58 8 96 514 4 6 199 51 5 5 5 36 13 100 5
50 18 4 6 65 6 411 22 5
20 4 102 33 5 6 49 174 61 13 299 45 14 46 2004 1401 5
144 60 7 24 18 609 10 30 9 144 18 19 5 144 45 19 5 398 209 19 37 414 5
128 57 5
91 5
228 4 6 27 12 4 74 4 94 4 6 27 12 4 6 27 12 2236 125 5
1631 811 8 67 23 13 899 5
6 60 7 24 18 5 6 22 114 21 405 886 5 50 18 4 56 14 7 17 19 5 6 7 35 405 16 522 5 2317 9
40 4 8 244 11 1182 5 6 7 35 82 760 62 364 5
53 4 84 6 7 35 392 5 1341 4 274 5 6 7 35 32 84 6 7 35 392 5 177 1067 34 25 745 46 1572 9
20 4 58 4 6 114 12 111 72 14 25 241 34 48 241 4 151 6 586 7 24 111 72 14 25 241 34 25 241 151 73 510 14 25 241 23 609 7 17 241 5
6 170 27 11 74 4 1532 1812 5
124 4 86 7 453 13 2255 2068 884 2400 5 50 7 54 41 2300 33 25 334 4 796 7 24 8 9
30 5
448 4 577 4 920 146 2015 5
50 49 111 201 5
144 49 251 59 14 5
64 94 4 86 102 8 96 689 7 24 515 59 21 216 9
40 4 11 100 34 4 38 70 41 51 58 848 16 11 782 5
846 5
64 4 11 2152 2775 5 108 7 17 199 1661 4 211 9
1329 11 140 4 21 249 7 24 2786 52 2806 31 11 1262 5
165 4 15 7 17 588 773 12 848 16 11 782 10 272 782 10
363 8 96 169 21 150 4 194 14 7 17 32 233 995 5 369 14 7 17 22 86 8 169 5
165 110 8 113 75 19 97 8 197 14 9
473 5
29 9
124 5 124 10 190 209 19 2221 25 1762 16 111 8 6 114 443 364 5
161 4 15 393 196 2517 97 755 297 323 15 5 6 34 1491 4 208 9 225 34 2772 72 1297 12 290 175 1568 5
470 6 18 15 7 17 132 1889 4 56 6 377 15 127 13 93 912 5
6 114 443 364 5 6 174 27 12 1539 14 204 164 5
609 76 5
64 4 74 4 8 501 325 4 211 9
64 4 74 4 86 34 55 9
1784 9
47 4 14 500 19 169 52 93 5
47 4 194 55 114 179 386 26 74 4 324 4 348 1994 4 14 8 7 54 32 1902 46 5 80 74 194 8 27 12 61 467 12 15 5
64 4 209 7 17 51 5
29 4 6 66 4 15 98 37 2644 12 176 39 201 12 383 88 5
6 49 7 24 186 11 96 589 21 5
180 5
29 4 38 77 589 8 96 5
124 4 982 2549 16 848 63 45 21 5
6 60 7 24 18 28 12 121 5 6 7 35 84 14 38 191 173 391 258 8 5 122 38 7 54 32 41 169 1090 59 15 5 144 226 77 401 39 15 5
6 7 35 22 396 14 567 38 45 12 36 206 14 2189 13 112 173 5
124 5
40 5
50 18 4 6 408 1158 13 2891 2566 5 1695 299 4 224 1754 5
302 6 74 58 125 9
319 4 170 8 290 9 171 23 728 5 203 8 18 86 308 15 7 17 41 37 216 8 221 27 12 382 46 21 425 9 6 66 4 8 60 7 24 196 27 13 534 397 5 149 4 73 375 32 113 688 5
20 182 319 5
47 4 6 34 436 2515 12 331 1704 4 56 6 316 14 7 17 62 11 559 5
50 2949 14 9
283 55 11 81 46 11 2449 786 9
50 18 4 6 60 7 24 65 38 1895 341 206 5 192 8 482 12 1182 11 293 7 17 2336 9
40 4 6 79 99 5
20 4 1495 8 68 99 9
47 4 60 7 24 4 60 7 24 65 19 2323 4 56 4 19 9
47 4 38 63 119 96 5
108 7 17 13 93 1109 4 644 5 2836 104 38 117 222 67 535 4 38 167 22 51 12 11 686 16 191 62 5 2779 4 2911 10
190 2164 5 50 7 54 93 5 2070 33 5
2296 10
107 4 56 49 8 111 99 14 4 151 55 510 55 7 17 139 2233 5
50 250 9
50 18 15 9
20 4 280 4 101 134 201 116 78 5
20 4 14 7 17 93 5 369 55 7 115 399 8 16 962 11 1559 5
141 33 4 222 67 4 222 67 10 218 9 2607 2035 9 124 4 863 5 6 7 35 162 1564 39 13 574 4 16 6 34 1367 28 325 411 36 83 101 410 13 293 33 13 1241 883 5 124 6 36 661 14 98 37 13 328 329 1188 5
108 7 17 19 5
664 4 74 4 38 7 54 385 11 427 5
398 111 19 8 18 395 81 23 233 293 5
107 5
29 9
53 4 344 4 471 201 9 107 4 11 2481 342 142 5
43 7 54 38 41 36 9 43 7 54 38 41 36 9
20 4 38 7 54 41 2455 39 11 293 9
128 57 4 160 15 31 11 1882 5
1926 15 23 5
144 27 12 1530 950 12 125 5
43 386 26 1404 2933 342 12 48 505 9
53 4 55 7 17 32 1079 5
50 4 8 63 41 134 21 5
1411 133 4 6 7 120 79 1450 5 685 4 149 4 685 10
64 4 86 34 11 309 9
53 307 4 86 7 271 15 51 46 2781 200 146 9
29 4 56 86 135 49 8 111 175 13 113 9
43 9 536 7 478 8 96 4 6 60 7 24 234 4 6 27 13 303 255 5
29 4 319 7 17 2264 7 19 67 5
20 28 4 25 281 881 2519 100 9 47 4 92 7 18 4 127 135 267 127 14 34 4 6 7 120 1358 12 1839 39 1806 5
20 90 4 1154 7 478 4 6 7 35 866 7 33 5 159 49 2410 72 67 2312 14 559 127 135 127 55 458 5 1171 82 6 234 4 55 49 550 72 400 11 1125 100 5
846 9
2718 26 8 9
846 5
417 4 131 4 300 7 24 14 22 1761 5 108 7 17 125 11 188 26 8 170 37 629 12 637 39 13 77 4 77 4 77 4 77 4 77 308 104 5
47 5 634 4 113 75 14 10 6 199 51 4 6 199 303 5 1002 13 235 5 259 4 30 4 8 96 27 13 77 4 74 4 27 13 77 93 146 16 8 188 27 13 4 74 4 27 13 4 74 4 77 93 350 5 30 4 38 7 54 32 317 12 126 236 97 38 383 5
177 308 36 1038 415 9
1620 4 86 308 36 101 415 1825 8 60 7 24 5 5 5 92 7 18 4 550 7 444 867 13 883 152 125 9
108 7 17 22 119 5
20 4 57 4 1748 5
20 4 42 4 746 4 15 7 17 32 8 5 6 7 35 84 4 15 7 17 22 4 15 7 17 21 100 5 105 7 17 428 32 127 462 127 15 393 56 21 361 26 560 23 4 23 257 13 350 46 136 351 5
6 66 55 22 326 109 62 46 72 5
284 4 2957 4 90 4 55 2541 5 20 4 6 7 35 84 4 113 75 19 5 30 4 746 4 209 7 17 251 59 8 5
30 4 30 5 64 4 8 232 61 13 1805 46 13 351 9
6 66 4 15 7 17 13 350 4 92 7 18 4 15 7 17 1571 5 165 49 7 24 101 61 81 26 349 1479 4 92 7 18 4 81 26 349 2799 1880 4 349 213 14 415 39 45 13 231 152 125 9 43 7 54 101 330 4 28 7 54 101 330 4 28 7 54 101 330 9
124 10 214 8 5
20 4 8 7 54 32 295 267 4 63 8 9
20 4 89 75 19 4 89 75 19 5 20 4 6 7 35 33 13 303 46 13 77 119 147 4 82 6 49 65 59 23 106 16 136 350 16 136 5 5 5 254 5 6 22 68 12 61 116 99 5 1371 4 123 49 7 24 6 36 14 9
29 10 732 5 108 7 17 28 15 23 4 14 7 17 28 6 158 5 85 4 8 7 54 1106 10 165 249 7 24 6 65 26 14 9 177 36 6 61 14 9
732 4 14 7 17 28 15 23 5 732 5 218 4 752 19 5 652 19 4 1916
218 4 752 19 5
91 4 6 7 35 84 4 6 158 12 947 48 204 39 22 81 288 5
6 49 58 14 5 1130 81 204 160 4 6 7 115 37 328 736 4 6 7 115 196 1330 39 15 286 5 30 4 8 7 54 1069 7 13 112 405 59 48 204 5
214 8 5 30 5 2385 5 190 974 39 11 1043 5
106 4 346 4 15 7 17 118 5 6 7 35 22 957 12 121 14 94 4 266 7 17 185 16 6 7 35 77 414 39 8 16 48 350 143 4 212 11 140 4 6 65 8 167 282 746 5 80 4 8 18 4 130 58 78 6 7 35 347 26 1032 52 1879 4 6 129 116 8 5 6 129 116 8 16 14 4 25 361 4 23 28 101 160 1153 5
877 5
301 4 6 65 78 34 13 1308 5 5 5 6 18 78 34 1339 5 5 5
6 60 7 24 18 4 6 4 6 169 45 6 114 13 2696 59 8 200 146 56 6 4 6 60 7 24 471 5
192 38 1307 33 11 204 200 146 9 192 8 160 19 9
304 5
20 90 4 51 960 5
20 25 85 5 20 25 85 106 4 42 4 2005 67 11 204 4 246 19 11 204 106 4 246 19 11 204 4 246 19 11 204 4 246 19 11 5 5 5
2096 85 5
417 4 1892 5
417 4 30 4 30 4 30 4 131 4 936 4 614 4 6 7 120 74 4 6 7 120 74 4 838 26 114 658 39 8 5
29 4 28 4 52 9 50 114 658 39 19 154 5
180 248 19 5
407 8 70 31 2801 5
1636 254 5
368 8 116 19 9
370 4 52 4 8 7 54 109 9
30 4 30 5
91 5
20 4 14 7 17 94 4 1383 5
128 57 4 6 79 15 106 5
43 9
53 4 6 34 864 7 119 216 6 663 62 59 8 5 50 65 15 7 17 492 39 19 12 58 8 46 254 9
6 249 7 24 18 87 5 80 86 102 8 174 197 215 12 19 5
227 4 8 4 8 277 114 13 557 5 144 277 2144 62 353 146 5
53 4 78 34 81 952 147 4 30 4 16 36 8 196 27 13 770 9
29 4 28 7 54 8 396 4 8 22 838 26 262 332 658 152 1354 11 345 15 34 8 1036 39 19 9
128 57 4 185 4 8 51 960 16 8 36 14 4 82 57 106 5
7 434 6 60 7 24 158 48 329 2461 5
327 5
80 130 18 28 4 88 6 7 120 79 1153 5
80 4 74 4 16 87 6 2387 72 5
29 5
91 5
108 4 14 23 412 5 108 23 2638 412 5 40 4 242 5 370 4 90 4 14 7 17 22 1687
29 4 15 34 4 56 5 5 5 6 61 181 4 208 4 16 6 58 254 7 17 2492 2865 33 25 146 486 5 80 6 7 35 347 12 286 4 217 25 617 4 28 11 345 129 6 162 9 6 66 4 76 6 129 4 6 129 46 254 4 21 1067 4 119 269 4 143 6 234 59 16 143 1443 59 19 4 16 6 7 35 45 4 28 4 129 6 22 41 550 82 14 332 9
2710 19 4 6 7 120 132 1310 59 19 16 118 39 757 466 88 5 122 88 4 6 7 35 46 254 4 52 15 7 17 45 19 16 254 4 19 16 118 4 19 16 254 4 19 16 5 5 5 5 5 5 118 5 118 4 118 5
177 63 8 9
327 5
91 4 254 5 91 4 254 5 254 4 94 4 86 63 8 9
327 4 52 311 7 17 76 5 804 7 17 93 5 64 4 70 8 41 245 125 4 207 9
1400 15 5
2409 5
6 60 7 24 18 28 12 36 5 43 129 6 41 36 9 6 66 4 21 4 21 23 45 13 2284 2087 5
302 7 24 38 22 388 13 2363 9
6 60 7 24 18 5 6 66 4 82 57 4 6 316 8 49 121 73 7 17 13 112 807 567 5
80 6 316 4 8 18 4 567 4 73 7 17 13 112 1999 4 8 18 5 80 6 7 120 1253 72 37 13 112 139 294 72 555 5 20 4 16 254 16 6 4 38 27 13 253 31 1434 7 156 38 7 54 385 2085 4 56 118 7 17 22 13 882 5
6 60 7 24 18 5
225 7 17 32 118 5
124 4 15 34 898 5 225 760 5 6 760 5 225 823 213 4 101 1231 19 5 850 4 6 110 11 57 100 5
91 5
6 74 4 6 22 79 133 175 74 4 175 254 7 17 5
40 4 42 4 74 4 15 7 17 32 28 8 65 5 105 7 17 94 11 198 100 5
47 4 74 5
256 5 105 7 17 240 132 8 4 202 5
6 18 4 6 18 4 15 7 17 4 15 7 17 985 5 5 5 43 36 8 121 38 51 126 13 507 4 22 201 4 32 176 9
107 5 40 4 182 4 577 4 577 4 6 7 115 61 48 1186 5
53 4 325 606 13 1186 9
159 359 7 24 9 159 359 7 24 10 263 4 300 7 24 14 4 300 7 24 14 11 4 11 1476 608 8 70 2315 9
40 10
108 7 17 15 9 108 7 17 82 8 2353 9 50 7 54 11 1287 2550 31 11 281 966 5
40 4 8 60 7 24 5
107 4 22 4 22 471 86 354 6 129 59 8 4 208 9
470 14 7 17 13 112 807 5 159 34 317 12 2444 440 112 440 4 11 706 5
40 4 14 4 14 34 4 6 66 4 127 2674 12 74 4 11 74 4 208 5 283 21 116 397 202 9
40 4 42 4 242 4 208 4 208 4 113 75 11 198 378 5 89 75 254 7 17 2215 5
40 4 202 4 102 33 5 202 10 202 4 42 4 42 10 225 7 17 32 118 4 73 23 4 73 23 32 4 2440 9
202 10 2924 10 202 4 182 4 597 67 4 163 10
6 22 117 892 125 5 105 7 17 48 2944 1315 5
107 4 208 4 241 81 314 272 140 8 2469 75 381 1381 5 540 188 314 86 135 8 134 48 220 5 540 339 314 11 140 8 245 46 48 531 97 8 7 54 889 5 540 657 314 86 2329 8 63 39 809 48 261 116 5 540 421 314 86 119 8 63 46 344 5
540 588 314 11 140 8 945 5
53 4 149 5 50 117 597 11 559 9
6 129 4 74 4 6 129 5 5 5
202 4 102 33 4 597 67 5 202 4 102 33 4 102 33 4 202 5 50 79 12 246 19 650 680 5
40 9
202 4 102 33 4 113 4 6 18 86 8 578 169 5
40 4 56 4 56 6 117 37 46 8 2318 82 349 213 5
50 18 28 9 50 18 28 9 363 4 213 70 11 198 140 285 4 78 7 17 358 8 137 262 33 13 1315 14 98 232 191 19 32 68 12 37 46 8 5
91 5
89 4 49 4 49 8 36 125 39 19 9
6 49 58 14 5 322 918 26 1791 408 248 19 13 1900 5
335 2025 5 122 8 18 28 4 6 65 101 114 1115 31 176 5
53 5
1940 1256 1324 1324 5 20 25 85 4 230 110 8 61 21 9
171 23 25 427 4 21 23 13 1017 26 25 219 5
40 15 300 7 24 4 21 23 25 219 4 279 4 6 7 115 380 8 5
40 4 14 7 17 25 2309 5 360 320 219 7 17 11 81 14 483 62 33 201 216 6 34 1578 5
155 4 113 4 58 4 21 23 99 5 360 1573 337 19 21 1017 216 73 991 4 313 147 5
105 7 17 32 13 1263 1074 5 5 5 15 7 17 22 4 194 15 34 22 77 1380 14 231 5 155 4 6 27 12 251 12 25 812 5
91 2833 5 2001 864 7 9
259 4 1950 4 94 4 49 6 58 11 2889 26 25 219 164 9
190 4 8 18 4 12 58 5 5 5 94 5
155 4 23 21 77 25 427 9
155 4 6 945 2883 5 369 14 7 17 7 156 325 7 17 626 63 33 903 5
394 18 4 31 82 11 466 14 38 27 132 812 16 2204 4 8 27 174 1975 12 19 5
20 85 5
184 4 52 4 28 4 55 7 17 32 13 1006 1232 1301 9 80 87 4 6 316 4 155 4 55 379 7 24 415 31 13 2173 31 1012 230 78 7 17 42 2929 9
155 4 14 500 42 886 5 165 98 11 2158 1467 13 861 9
20 5
20 5
29 4 94 4 31 1629 4 49 6 27 11 241 26 291 2778 5 5 5 155 4 94 4 31 2507 5 5 5 279 4 94 4 2614 5 5 5 1706 5 184 4 8 18 28 4 8 506 7 24 160 2003 1257 5
218 1503 4 83 14 23 31 870 48 320 282 5
47 4 32 52 93 5 2322 7 17 243 150 4 55 7 17 243 1266 4 8 36 11 1331 5
40 6 22 4 22 260 12 18 143 55 34 4 130 18 5
2574 66 9
161 5 214 8 5
516 4 79 15 5 612 4 6 7 35 41 58 25 219 5 1658 19 525 4 1681 10
53 5
302 8 186 21 5 573 4 45 4 188 693 6 7 35 41 27 13 219 5 2290 5
155 4 209 7 17 51 5
184 4 76 4 8 27 12 445 21 5
516 4 90 4 14 7 17 25 1362 2154 5
20 4 42 42 4 14 378 379 7 24 27 81 4 11 1931 114 12 1137 400 15 5
612 4 21 23 15 4 305 5
161 4 21 23 15 4 6 7 35 41 403 25 219 5 171 23 45 11 730 100 232 4 211 5
155 4 76 6 51 5 6 7 35 619 7 31 5
155 4 76 6 51 5 5 5 76 6 51 5 5 5 6 7 35 619 7 5
155 5
2529 5
516 5
40 4 15 7 17 22 45 4 130 18 4 15 7 17 13 281 2741 26 206 4 130 18 5 105 7 17 45 4 830 4 130 18 4 25 219 34 21 4 45 4 1006 1012 1232 1301 147 16 4 130 18 4 88 55 7 17 13 4 13 861 147 16 5 5 5
29 4 194 4 90 5 50 18 4 16 4 16 6 7 115 1228 33 11 875 16 4 16 55 7 115 1059 19 16 6 7 115 27 13 219 5 394 18 16 6 7 115 4 6 7 115 51 12 136 2645 16 529 170 37 77 270 12 19 7 156 4 8 18 4 6 7 35 709 964 5
47 4 7 156 4 6 66 4 28 83 4 28 83 55 7 17 32 21 119 219 147 9 6 66 4 28 83 4 28 83 55 7 17 22 193 11 2299 143 483 62 33 25 698 16 201 9 50 18 28 9 6 7 120 603 432 13 829 219 21 670 16 6 60 7 24 65 6 7 35 333 12 442 13 320 81 5
29 9
50 96 5 6 7 35 84 59 48 1132 5
20 4 6 586 7 24 51 31 5
29 4 90 4 42 15 7 17 155 7 156 4 6 66 4 6 18 55 7 17 78 4 52 4 14 7 17 341 39 88 5
520 4 601 682 1728 10 283 14 28 8 70 162 481 6 34 257 2399 9
50 2675 5
190 2829 15 180 4 8 27 42 1352 5
1742 48 465 16 2789 45 13 299 5 5 5 23 32 13 1352 5
128 57 76 5 803 19 2943 11 339 2688 26 2197 245 5 1958 5 1843 5 16 2876 5
6 18 5 6 169 898 5 30 5
47 4 44 41 51 58 72 5 6 68 12 571 72 125 4 28 36 8 65 2480 45 9
128 57 4 58 8 96 5
64 4 21 578 37 224 2475 39 130 4 211 9 6 66 4 48 456 1868 19 14 8 61 13 402 26 933 142 376 4 16 8 4 8 103 4 71 27 12 543 349 700 390 5
161 4 8 103 4 8 77 45 82 21 1781 206 4 211 9
6 65 8 98 27 12 1597 13 281 253 26 2627 12 51 82 11 140 12 2578 5
304 5 47 4 93 525 12 456 5 2749 4 86 708 173 480 98 8 27 12 543 31 606 12 895 9
29 5
701 1346 4 211 9 47 4 14 393 2075 5 177 135 63 11 480 9
80 28 23 485 1849 9
47 4 14 500 886 5
29 4 1260 4 215 5
91 4 44 1148 678 885 700 5
40 4 346 4 44 4 44 168 2923 678 885
284 4 131 4 15 384 14 6 49 543 700 4 56 44 32 764 12 2795 5
40 4 163 4 163 4 94 4 95 39 13 2947 112 299 143 458 12 51 12 654 173 258 215 31 11 966 5
30 4 69 10 44 109 5 44 109 5
128 57 10 10
5 5 5 16 236 102 31 11 1954 26 48 778 1256 1399 4 2482 4 2831 4 16 1847 2654 5
370 13 288 4 81 625 10 141 33 4 44 276 12 666 13 112 299 12 654 4 44 2844 8 145 39 421 480 5 180 4 28 59 8 9
40 4 56 103 4 484 2711 31 11 2584 2626 5 6 111 8 28 4 157 262 8 145 39 495 480 4 81 39 487 146 5
274 9
284 4 42 274 4 2023 1312 529 26 48 2134 924 176 82 5 122 103 4 92 7 18 44 280 178 32 41 433 21 104 4 123 71 6 262 8 145 39 339 26 11 2907 1873 16 22 13 402 26 11 2800 5
20 4 102 33 4 88 8 18 8 68 444 5
157 111 8 28 274 4 157 246 8 11 154 625 39 880 5
141 33 10 128 11 348 429 63 1698 444 10
284 4 70 62 5 6 564 176 82 5
319 4 44 1102 8 142 5
274 4 113 75 416 5 50 27 2346 33 48 1024 5
1333 21 62 5 1558 1346 16 2782 480 10
30 4 11 198 146 6 34 1234 11 502 22 127 2490 2316 34 1243 62 26 11 2138 4 287 196 276 6 564 305 480 10 172 97 15 2078 12 19 4 11 2764 12 25 1692 4 11 1670 5 64 6 103 4 326 840 11 1029 2286 285 2553 5 6 129 1148 700 212 11 592 5 362 160 19 314 7 1592 1521 10 7
47 182 4 143 110 236 2073 39 130 9
47 8 280 467 13 1837 2864 5
798 4 1990 145 4 95 41 37 69 5
43 4 14 599 11 119 1332 9
91 78 5 177 708 4 86 708 103 4 110 8 543 9
53 88 10 108 34 168 922 4 69 5
646 13 1175 9
6 71 27 139 5 6 49 22 113 75 8 5
335 270 341 5
327 39 13 1175 5
172 851 10 10 1644 678 885 5 327 109 5
91 78 10
259 4 14 23 151 25 554 323 14 6 27 13 328 813 5 5 5 5 2556 5 5 5 5 2146 5
47 4 6 432 5 2477 112 299 2116 72 1105 12 72 1366 557 450 497 4 143 306 145 12 11 2899 5 1323 5 1323 5 1924 4 16 564 116 426 4 338 480 5
20 4 102 76 372 4 247 4 138 41 51 33 45 13 2239 2270 216 8 61 13 210 5 172 32 86 14 34 317 12 102 62 5
108 539 34 2012 5
40 5
44 4 44 84 8 183 61 12 51 12 654 4 16 44 845 14 194 2561 4 21 638 191 67 39 15 5 2262 1260 1472 2105 420 2935 654 10 10
20 102 33 10 594 38 51 10 1932 212 39 1829 1628 10
20 42 10 2926 1917 10
161 5
572 4 178 233 2425 1322 1357 2663 5
327 525 5
29 4 57 332 389 5 1016 5
6 18 10
817 5
20 4 8 79 19 5
20 4 14 393 119 5
20 265 8 52 135 389 5 1016 4 265 8 52 135 5
20 85 4 6 418 25 210 4 6 418 15 4 6 418 25 210 4 6 418 15 5
20 4 6 117 627 4 56 87 6 65 6 167 921 15 62 4 87 6 65 123 98 733 13 447 431 31 733 13 2279 210 4 22 151 95 2599 2137 12 11 611 541 814 31 5
20 296 4 102 33 4 44 84 4 6 183 5 5 5 5 6 71 464 2259 25 2460 4 92 7 18 4 95 22 86 135 129 6 41 1356 59 1255 212 1065 1786 4 11 1836 1927 4 12 11 604 5
91 10 283 25 1667 1194 12 8 9
153 32 412 4 21 23 221 25 210 5
20 131 87 4 52 44 22 109 12 51 133 12 321 12 25 361 76 5 80 8 49 51 133 12 2411 48 112 2619 5
124 9 10
203 8 68 25 2366 9
272 460 869 100 239 12 19 364 5
91 10 64 44 62 295 553 75 2724 16 21 147 707 321 12 19 4 16 15 491 62 55 2655 39 13 1163 1623 78 1753 12 37 168 1737 31 136 2524 5 64 6 337 99 25 204 241 16 365 41 160 19 21 340 12 58 83 55 49 61 19 168 673 10
6 18 10
516 10
29 10 1286 282 23 94 4 223 125 5
43 10 9
1023 37 270 5
6 183 27 12 4 151 6 34 387 25 6 660 106 1809 1210 16 1498 25 2466 5
47 4 6 1239 157 27 12 126 2953 46 99 4 56 92 7 18 4 178 1285 26 205 210 5
6 66 178 869 5
2044 4 150 531 4 46 11 2325 2869 5
172 82 57 5
53 5
192 55 160 9 192 223 160 9
20 5 20 25 85 4 23 14 207 9
1680 5 420 270 5
64 4 86 63 8 9
20 90 4 542 15 59 9
29 4 6 36 5
6 166 186 223 183 160 5 153 1574 146 4 16 55 183 160 5
29 4 57 5 89 75 8 4 138 1021 2101 5
29 4 16 8 71 464 83 6 160 4 151 8 277 68 93 213 39 19 5
218 4 223 9 91 4 95 118 357 5 20 42 4 71 8 958 5 29 4 157 445 5 159 410 25 241 75 226 4 56 55 34 1595 136 1665 46 72 1835 33 11 2167 5
29 4 217 25 85 4 509 10 108 4 42 4 95 461 5 20 85 4 265 8 989 135 5 459 10 278 10 6 79 11 673 10
159 196 1865 12 403 19 39 553 509 12 2878 19 39 15 5
6 79 12 800 62 28 44 109 12 413 5
29 10 227 10 30 4 157 58 8 96 514 5 2811 2384 10
53 10
43 63 8 162 76 9
20 5
91 5
20 131 4 11 269 6 1877 46 34 243 795 4 56 92 7 18 265 85 223 1418 19 4 151 408 6 326 321 59 11 718 719 4 73 79 82 414 16 677 2939 67 5
884 139 10
6 18 5
29 5
29 5 91 223 10
20 4 6 110 10
20 25 85 10 10
2145 5 307 4 11 1842 2287 70 2228 145 5
409 4 44 84 5
105 7 17 72 154 231 75 21 324 210 5 404 32 317 12 696 46 72 10
165 9
20 85 5 148 7 18 4 1769 63 733 1686 5
790 9 20 4 90 5
409 4 22 857 4 15 7 17 41 37 185 5 53 4 273 4 5 123 60 7 24 6 102 145 78 16 6 7 115 126 8 62 12 553 9
223 23 14 103 4 11 313 223 14 2141 8 61 11 210 9
43 9 20 90 4 90 6 65 52 5 165 129 6 764 12 21 164 9
225 7 17 295 553 46 99 5 225 7 17 295 553 46 99 5 80 8 167 26 1253 11 1059 73 337 99 97 73 79 11 210 5 80 4 16 4 16 4 55 7 17 77 93 436 5 43 129 6 41 36 9
284 149 4 6 60 7 24 65 8 61 12 222 11 2127 5
389 5 1608 424 12 222 7 444 5
91 4 23 118 78 9
171 23 106 9
1280 106 16 118 5
20 182 4 182 223 5
30 5
91 10 43 7 17 103 4 28 7 17 223 162 1087 48 204 9
2695 90 4 14 7 17 4 14 7 17 412 5 165 103 4 123 300 7 24 55 2613 285 31 136 591 546 9
165 375 1639 158 188 2330 4 86 4 86 2747 23 73 9
43 9
30 4 1259 5
20 4 217 4 6 7 35 4 6 7 35 4 6 7 35 84 372 4 6 34 22 276 12 103 4 6 7 35 894 650 241 5
105 7 17 175 106 4 15 7 17 13 134 628 5
6 66 25 85 5 5 5
5 5 5 49 7 24 4 49 7 24 13 147 666 13 1738 1621 12 136 351 7 17 546 2114 10 10
6 98 174 36 14 10
29 131 83 4 83 4 83 223 197 14 4 258 223 7 17 168 706 5
165 9 10 177 9 10 177 23 55 13 2319 9
43 129 6 109 12 36 9
6 60 7 24 18 8 96 5
128 57 14 7 17 4 14 7 17 15 10 10 336 142 72 10
43 7 17 109 33 9 10 108 7 17 28 7 17 109 33 10 10
6 27 132 145 31 48 613 39 1114 237 276 12 61 13 878 10 43 36 6 27 12 36 12 61 179 2857 9 10 91 202 5
91 5
6 7 35 84 4 6 34 168 706 5
322 150 706 5 190 8 27 12 661 23 4 21 281 223 100 23 224 401 39 19 5
47 4 6 34 46 749 39 45 495 466 16 6 432 72 5 80 88 83 15 7 17 1117 6 65 6 134 8 196 173 5 64 4 15 7 17 401 39 19 12 186 14 6 7 35 32 41 4 131 14 325 297 23 32 109 12 126 8 332 5
6 199 61 109 5 278 180 5
20 4 6 7 120 79 12 51 222 67 344 4 38 7 120 79 13 245 303 21 745 5
20 4 22 21 269 14 6 501 200 146 75 11 309 5
29 5
284 4 90 4 90 5 301 4 38 326 321 451 73 92 7 18 4 110 72 100 5 80 15 491 62 73 7 17 79 13 1046 59 344 7 17 1311 4 52 38 7 54 669 176 12 13 2052 1850 5 165 4 23 14 69 9
520 4 42 5
368 8 1190 9
50 63 289 1190 5
409 4 6 134 8 139 5
43 9
304 5
2822 9 6 22 114 15 39 81 146 5 153 339 5
148 7 18 31 13 405 140 4 8 27 139 135 2735 5 89 4 138 41 27 12 312 19 62 76 4 156 6 277 27 339 5
20 25 85 5 672 9 91 10
161 10 404 1297 306 1150 5 53 4 477 5
227 5
43 9
172 151 189 34 22 1431 179 213 62 26 11 2403 4 16 95 1588 2413 5 468 194 95 22 14 85 530 503 37 775 294 8 16 512 168 1866 5
153 93 12 58 8 139 5
50 58 14 147 9 705 31 2064 88 4 56 92 7 18 127 633 127 38 383 365 109 2588 12 11 2660 5
29 5
884 139 5
20 4 94 4 6 71 18 83 178 13 93 406 5
40 4 6 22 6 65 14 95 139 633 5
1277 5
29 131 4 6 483 294 672 5
20 4 94 4 285 426 314 305 5 144 103 4 515 39 13 112 481 4 16 87 94 4 38 306 62 39 168 2532 1881 5
935 146 5
153 32 13 303 4 69 5 44 22 41 1128 99 86 12 191 1107 39 179 1115 525 544 55 275 5
622 32 41 27 443 10 30 4 2443 1302 76 5 159 193 371 68 1441 16 6 193 36 4 52 178 123 70 22 41 37 220 5
50 121 214 8 328 135 4 16 87 8 1312 19 125 243 5 141 33 4 70 41 262 63 713 31 21 2854 4 16 70 41 696 934 11 1195 5
50 784 1178 2494 353 231 16 21 1136 405 5
1187 5
2216 244 934 5
30 5
20 4 1371 4 8 79 179 33 48 797 5
2277 33 13 485 4 22 262 13 112 1034 2531 33 15 16 15 167 273 4 37 5 5 5 5 5
301 4 891 79 179 33 48 626 5
64 4 720 11 1107 51 116 9 256 9 10 327 5 64 8 1044 19 339 243 213 5 29 4 229 132 347 13 253 59 8 139 5 6 18 5 153 401 21 281 2819 100 5 153 13 539 10
29 4 6 36 65 95 318 21 140 5 29 4 70 548 676 5 124 4 44 280 5
157 160 8 133 5
993 676 16 1164 12 19 5 64 94 4 22 62 26 1336 4 94 4 36 8 1721 27 205 198 1298 2248 9
20 5
40 10 40 10
434 83 8 36 14 384 1159 37 2256 15 39 19 4 16 70 22 220 5
91 5
50 98 32 186 25 231 10 6 114 12 226 188 2243 4 16 87 12 1202 15 142 4 6 432 81 26 25 829 969 4 31 13 2717 903 5
43 63 8 1244 75 9
29 4 57 5
6 134 21 361 100 10
374 10
20 25 85 10 20 25 85 10
64 94 4 143 34 73 9
192 8 45 72 9 80 44 22 1395 127 13 361 4 151 6 129 289 185 46 21 5
30 4 92 7 18 28 4 44 32 185 4 44 32 5 6 66 86 49 6 37 185 4 1306 8 102 31 46 72 4 73 458 12 58 48 1045 5 5 5 5 148 7 18 28 4 28 83 70 220 143 71 58 198 195 9
165 32 9 10 6 66 21 275 132 11 460 498 670 5 879 15 37 52 532 9 2200 83 38 70 220 143 915 264 5 468 4 194 1779 220 143 811 67 31 694 26 565 198 220 4 16 1384 12 37 220 524 5
172 32 1285 4 8 71 27 13 1765 5
148 7 18 28 4 229 79 12 507 62 26 76 57 88 4 156 257 116 8 23 11 2730 100 14 6 27 232 114 12 36 5 6 71 65 6 137 36 15 164 5
177 453 81 200 381 26 1298 9
803 11 1743 10
568 90 10 322 580 46 2719 1093 5 1542 4 6 174 187 26 14 216 5
165 9 263 73 49 821 16 245 2479 16 36 385 75 11 313 104 9
30 4 58 4 58 4 529 297 23 414 806 250 5
20 42 4 81 26 349 113 39 11 1731 2356 2379 5
53 727 4 720 8 18 503 37 76 9
664 6 197 73 1180 19 12 997 2952 5
790 4 2669 5
40 5 122 477 5
30 5 40 5 122 477 5
47 69 4 209 21 37 13 753 12 82 26 8 4 82 57 5 1166 8 4 408 8 2320 19 4 6 2061 45 11 794 269 4 1689 5 420 1697 4 401 4 2359 4 92 7 18 358 4 2720 1823 21 1593 2043 5 302 6 27 13 2565 4 163 9
595 180 9
20 5
29 4 14 34 727 957 164 12 58 83 38 49 61 133 264 5 172 11 2227 104 364 10 80 93 525 727 10
47 4 90 5 148 7 18 4 38 70 643 220 4 232 488 38 70 112 4 233 1288 624 33 11 1031 264 5
2063 33 13 1031 10
20 25 85 10 10 50 823 2184 33 11 903 10
153 22 92 7 18 4 132 13 402 26 693 4 16 73 2062 330 5 335 14 6 196 234 4 92 7 18 5
50 65 8 18 19 52 131 5
29 5
172 28 6 197 5
6 166 5 6 166 5 225 2217 19 4 6 66 6 289 2512 72 16 87 81 231 15 34 30 4 437 307 785 5 148 7 18 28 11 1995 526 23 4 97 38 70 331 264 4 14 34 45 11 460 267 229 232 114 31 45 82 25 2802 5
6 1536 31 125 2041 5
818 350 4 1052 350 4 28 63 101 1961 8 9 818 350 4 1052 350 4 95 32 48 995 5
20 4 90 10
6 5 5 5 4 13 874 9 40 4 2508 4 42 5
30 4 131 83 6 34 31 21 39 11 391 4 503 37 13 1457 212 88 4 92 7 18 5 50 22 79 12 61 62 26 14 874 517 372 5
172 69 5 128 57 4 44 41 245 580 178 77 4 77 1540 5 153 330 2380 1949 1741 1552 5
20 4 6 187 8 905 602 5 43 9 545 70 8 9
30 4 71 246 19 13 631 12 61 712 4 69
40 4 113 4 6 248 8 14 6 183 68 8 12 647 16 543 15 4 16 8 22 4 8 150 688 110 15 518 5 85 4 92 7 18 28 4 6 65 421 466 537 6 428 1135 250 215 12 245 46 8 56 4 6 49 36 15 212 286 5 80 83 6 166 2018 8 87 22 482 15 5
30 92 7 18 28 8 27 12 2084 5 128 57 4 2609 11 460 808 100 33 11 1861 12 8 23 21 350 2763 100 87 4 69 8 49 27 818 2569 4 56 38 1293 37 1801 5 64 542 15 41 37 9
29 5 6 221 129 4 90 5 148 7 18 1556 41 114 8 82 1775 26 206 4 92 7 18 8 1356 48 112 2852 16 1904 8 844 5 1508 399 13 324 580 9
30 5 1585 2433 1993 19 116 10 352 12 345 874 1876 10 352 12 345 352 12 345 5 352 12 2493 5 172 82 6 27 52 721 5
218 5
20 4 346 5
47 4 78 34 13 1460 31 1792 16 229 79 12 61 21 606 31 5 409 4 44 52 84 4 56 15 555 45 44 41 37 76 82 146 5
1959 4 42 4 296 163 4 229 79 4 229 22 27 52 135 12 382 46 5
40 4 42 4 42 4 44 436 75 13 2692 606 57 76 16 15 1184 1382 14 38 1042 11 2941 1208 31 13 2621 26 2698 16 2416 5 80 5 5 5 5 43 375 15 494 4 28 44 387 9 10 302 6 163 1307 12 48 2600 9 214 8 5 622 1984 5
20 10 10 360 85 4 28 63 8 162 76 9
106 296 4 21 23 328 270 4 56 4 56 189 79 13 2355 5
409 4 296 4 44 84 4 6 18 95 233 984 56 6 248 8 33 11 204 6 71 27 104 12 290 5
122 6 71 4 1020 5 5 5 20 4 143 1653 14 606 9 10 47 78 23 42 223 2676 31 21 546 5 336 19 223 33 11 204 10
47 4 209 19 22 841 14 46 28 6 79 76 4 82 57 58 338 23 32 11 241 39 21 613 4 338 23 2313 5 80 6 5 5 5
979 39 19 5
44 84 4 127 6 34 396 11 613 241 23 490 4 16 44 84 56 178 5 5 5 20 25 85 10 10
652 19 4 44 84 4 44 41 27 12 160 8 133 4 229 79 13 2020 31 25 546 5 43 63 8 162 9
106 138 32 1083 12 19 4 6 71 27 104 12 290 5
6 71 27 757 237 10 10
53 4 106 10 10 10 6 248 8 6 71 10
89 4 6 900 36 21 57 88 4 69 4 229 79 13 2843 4 98 8 22 51 181 4 157 251 12 8 514 5
327 437 10
91 5 89 94 4 59 28 239 1998 5 5 5
6 34 41 246 8 13 680 12 2898 12 19 5
50 114 2258 145 12 25 546 106 5 50 36 32 571 13 1413 1947 12 1291 226 10 1001 194 101 70 13 686 973 10
122 6 248 8 4 6 183 27 11 104 10
1675 4 106 28 36 8 68 175 19 9 50 68 19 4 8 68 19 12 627 25 210 52 8 49 169 45 8 27 13 351 9
2686 210 10
106 36 8 1252 21 23 11 154 104 31 25 261 44 162 125 6 221 234 59 5 171 23 11 154 104 31 25 261 44 162 125 14 44 221 93 75 5 6 66 5 83 8 71 61 14 5 5 5
47 2049 36 6 10
20 25 85 5
20 25 85 5 6 900 244 295 21 313 607 116 16 116 164 4 106 4 42 4 138 4 138 4 138 452 21 139 401 5
6 71 18 4 6 71 18 5 1967 10 89 4 194 38 167 126 13 298 5
40 5 322 298 175 201 5
218 10
20 5
40 10 430 4 6 22 187 8 70 755 297 5 91 10
29 5 47 4 273 5 5 5 5 5
29 4 44 185 5
40 10 256 4 42 4 163 4 163 4 178 4 178 69 5
20 4 90 4 44 32 4 44 32 593 5
20 5 30 4 437 5
20 4 16 87 4 38 79 294 21 150 4 329 607 5 6 22 4 15 34 1206 5 6 248 99 55 2804 19 45 13 686 973 4 152 125 4 217 16 87 6 248 99 6 260 12 126 13 298 4 6 71 68 12 126 13 298 5
40 5 80 87 6 330 99 4 16 55 599 78 5
20 4 265 8 178 328 2733 4 44 563 8 342 116 5
218 5
91 10 20 4 44 52 563 8 330 5
815 5
301 4 296 4 113 55 22 342 116 12 5 5 5 5
20 4 37 181 4 37 181 4 37 181 4 37 181 4 37 181 4 37 181 5 1335 181 5 1335 181 4 37 181 4 37 181 5 20 4 138 32 181 5
6 66 4 6 71 169 45 6 196 27 13 351 390 5
283 21 59 223 9
30 4 95 32 4 95 32 5
473 4 138 57 5 474 103 4 449 126 13 298 4 449 348 142 4 69 4 449 61 179 2910 1373 4 152 125 5 5
229 132 347 4 21 23 354 4 6 66 71 4 71 8 65 38 49 226 33 21 9
972 14 9
283 14 223 9
29 10 793 15 10
29 10 10
1419 5
6 134 8 5
30 5
787 4 787 765 15 602 9 10 10
301 4 217 4 182 4 6 71 18 5 177 59 13 150 81 9
47 87 13 1266 81 10 10 228 4 449 4 38 224 27 12 61 109 10
50 4 8 280 8 158 772 9 30 5
29 4 92 7 18 11 103 4 11 351 6 248 8 59 200 146 9 47 15 491 62 73 103 4 73 458 12 61 133 264 46 19 5 20 4 6 663 15 10 10
29 10
124 4 454 6 129 4 81 26 11 708 213 44 616 5 47 5 5 5 5
20 4 265 8 5 53 4 182 5 118 10 10 10 10
29 4 217 182 4 8 63 57 33 104 5
124 4 8 49 4 328 135 5
877 10 10
50 65 9 10 85 4 6 4 103 4 44 31 345 5 6 66 28 4 28 129 6 41 36 9 2931 82 45 4 6 134 8 16 4 16 449 226 33 21 5 80 82 6 49 65 59 23 4 43 23 73 41 36 9 43 23 73 41 121 9 97 6 111 72 28 6 110 5
43 9 10 89 4 70 276 12 2861 13 715 76 4 57 5 177 129 6 317 12 36 14 76 4 287 548 289 2774 46 487 198 9
29 4 56 71 8 65 5 5 5 5
29 4 69 5
43 1047 9
20 4 189 71 65 484 205 1047 5
787 9 91 5 5
50 377 25 489 9
190 8 244 15 4 247 110 8 4 110 8 111 780 59 201 9
1181 5 64 8 183 4 183 2616 215 12 504 57 9
50 111 4 26 645 8 36 5 504 5 504 5 53 4 504 5 504 4 346 10 148 7 18 38 1340 221 501 5 5 5
124 4 6 1098 6 129 13 476 5 122 504 4 58 189 433 12 27 13 351 5
29 4 178 11 81 5 228 4 6 71 68 12 610 72 5
29 5 228 4 49 8 244 21 1257 12 416 9
664 4 42 4 70 32 5
40 4 70 32 5
40 4 70 32 10 10
227 5
473 5 6 22 158 12 18 14 138 32 41 111 48 497 5
822 9
144 501 75 1462 505 309 4 44 4 44 106 801 5
124 4 6 110 5
420 462 5
44 2211 46 8 5 192 8 4 247 4 110 8 433 12 111 207 397 9
30 4 822 4 163 4 163 71 5 6 134 25 351 328 135 4 16 6 68 173 258 215 12 22 226 15 62 46 72 5 30 9
214 8 4 265 8 5
972 48 581 9
423 10 423 5 423 4 163 111 19 8 183 121 215 12 118 59 19 16 11 299 175 11 2651 238 5
141 33 4 118 4 102 33 10 1557 12 19 10 398 10 10
118 9
40 4 15 34 13 992 10 6 439 13 992 10 30 9
40 10 10
40 10 10 40 10 10 6 117 431 5 6 117 251 59 21 5
43 9
225 34 5 5 5
225 4 73 34 511 5
815 865 579 5
43 9 30 4 69 4 69 4 69 5
44 84 4 69 4 44 84 5 6 2558 34 2639 46 286 4 16 21 618 6 34 52 4 6 34 52 561 16 87 6 79 48 897 16 6 34 52 414 4 16 82 6 260 34 12 61 72 62 26 25 552 127 687 127 1117 5
228 5 20 182 4 182 4 11 808 100 34 14 73 842 4 73 842 358 12 19 10
89 4 6 183 65 78 34 13 715 12 2374 5 6 187 38 70 828 67 5
108 4 39 82 6 530 98 4 137 200 524 5 108 12 19 23 13 1886 5
89 4 44 32 276 12 61 62 26 215 4 69 5 6 187 233 715 34 1314 10
141 33 10 315 6 260 99 12 111 8 4 6 483 82 116 11 238 276 12 191 280 14 183 433 10
89 118 4 6 260 12 111 8 4 6 187 6 167 4 189 110 4 16 87 180 16 149 2666 19 32 12 5
2149 8 1252 674 26 21 1135 232 239 83 6 183 65 75 14 313 888 8 905 295 443 46 223 9
124 6 98 5
124 5
2128 10 30 4 69 4 90 4 6 98 27 132 1703 56 4 6 98 193 68 12 37 46 8 5 263 95 4 6 66 95 8 5
43 9 141 33 202 4 111 19 28 138 347 9
2756 13 2661 45 4 6 911 8 9
53 4 49 6 4 49 6 61 31 33 14 9 263 44 224 593 286 5
40 1526 5
172 69 4 157 22 222 444 142 5
50 49 27 11 200 805 4 83 8 68 5
43 4 88 138 32 196 669 12 19 9 89 118 4 1780 84 4 69 4 44 84 4 6 34 62 26 25 464 5 6 187 503 432 8 4 6 183 18 28 12 36 5 141 33 10 141 33 4 86 881 578 6 27 132 12 36 125 45 21 9 304 9 189 71 1362 57 4 6 4 178 32 19 4 44 32 149 10
148 7 18 28 4 92 7 18 28 4 1318 32 11 81 14 260 14 4 14 298 4 69 5 343 11 81 14 2246 33 201 5 343 11 81 14 4 14 483 97 213 79 22 13 112 1811 10
172 28 9 10
30 4 131 76 38 63 5 470 70 31 13 795 1359 164 4 202 5 43 36 8 68 12 36 9 177 36 8 68 12 2091 15 9 304 9 203 8 117 607 39 201 9 468 4 36 8 117 2348 9 89 4 6 4 6 110 13 532 4 329 4 329 100 5 30 9 80 44 84 4 6 1000 6 137 126 15 133 4 56 6 166 5 6 22 166 58 201 1211 332 125 38 18 23 52 1125 93 5 118 4 6 134 8 52 135 5
30 4 69 4 69 5
43 9
30 4 69 5 171 618 8 197 78 34 358 52 150 14 38 783 226 852 15 264 5 5 5
89 4 113 4 484 79 12 37 13 140 38 49 226 852 21 5 30 4 6 166 1365 4 6 166 1365 25 261 287 8 5 1517 4 287 236 871 4 16 48 465 4 16 21 660 5 404 93 660 202 4 16 4 16 5 5 5 5
29 4 56 21 166 37 15 4 6 66 5
89 4 8 96 6 22 117 121 4 6 77 4 77 2596 8 1226 21 104 46 19 5 153 132 13 243 401 104 57 88 4 52 6 22 117 121 477 5
20 182 4 182 4 211 4 86 59 21 340 38 27 13 1283 2788 2533 69 4 16 194 13 1007 33 25 324 2734 1210 9 304 4 211 4 28 36 8 65 9 538 933 26 2042 4 1281 37 119 10
40 4 42 4 42 4 21 340 96 10
646 109 33 9
64 4 39 11 281 340 9
29 4 178 69 4 6 66 83 8 2408 12 51 332 39 11 154 340 44 584 212 286 4 92 7 18 87 6 289 4 289 683 5
43 13 1428 431 9
1424 528 9 148 7 18 28 178 69 4 82 57 4 6 71 158 205 26 8 12 431 4 69 1830 1832 5
53 5
47 4 217 22 103 4 6 34 22 1367 4 97 8 16 6 1633 67 4 110 8 61 11 1025 14 34 457 11 200 2169 1449 457 11 2386 602 181 9
595 344 9
520 5 612 4 23 21 13 103 4 23 21 13 462 104 9
20 10 6 187 8 96 79 469 31 74 4 2139 9
284 10 20 5
301 4 1506 4 2352 4 90 2219 63 119 5 434 8 18 134 2501 524 4 92 7 18 5 872 45 15 31 21 2033 4 391 31 11 1080 4 52 118 16 6 438 67 5
29 4 131 5
20 90 4 503 134 14 5
6 316 15 82 326 97 118 79 21 324 210 5
5 5 5 5 57 9 227 9 6 66 95 243 869 92 7 18 4 6 66 101 22 377 142 4 377 142 287 196 436 133 5 148 7 18 6 71 4 6 71 158 176 4 211 4 229 79 8 96 88 127 220 4 8 16 724 5
338 9 595 338 9 53 4 891 27 173 26 236 39 724 57 9
307 9 43 4 123 63 8 2618 9
20 4 88 8 68 13 1746 9
47 4 217 4 44 84 48 965 438 145 307 4 56 44 13 112 139 1808 46 179 26 25 320 220 57 88 4 56 163 160 12 209 19 18 8 79 181 1745 69 9
40 4 44 32 41 222 176 67 5
40 4 118 371 68 19 12 5 5 5 5
29 4 138 57 5
144 70 33 13 298 10 10 10 30 10 10 144 70 4 38 70 5 5 5 4 90 5 545 63 8 9 157 754 8 5
20 4 2338 81 12 251 5
2302 1747 48 441 4 103 4 1342 26 645 44 2817 33 179 1688 76 4 31 395 592 6 49 22 2736 33 4 229 79 1435 26 195 12 312 33 11 1475 5
652 19 9
20 163 4 166 6 102 12 48 1219 4 1081 1086 9
641 4 840 19 230 15 1085 4 25 2034 1451 5
128 57 307 4 48 1162 333 5
343 978 5
144 70 33 13 298 10
2130 4 95 2765 69 9 80 44 32 11 277 81 143 510 52 4 319 2280 46 19 5
172 28 8 197 200 146 5
30 5
1510 32 12 149 5
89 385 4 149 16 319 169 11 313 140 14 6 36 5 2294 5
6 49 5
89 4 8 96 4 8 96 167 51 5 40 4 44 4 8 4 8 1077 21 82 62 4 16 6 71 68 12 2395 15 4 52 8 96 167 22 51 5
40 4 42 4 77 4 229 79 12 126 11 965 133 518 4 44 1226 82 231 509 46 344 4 153 185 4 42 1140 6 655 5
30 5
30 5
108 98 37 119 5
6 18 10
91 10 430 44 392 5 622 8 1242 9
20 4 119 10 228 4 217 6 114 12 61 8 13 281 324 1662 5 6 79 8 11 643 81 6 137 4 156 178 32 230 8 68 12 2813 5
29 4 131 15 342 12 59 2459 4 56 28 11 345 4 22 160 15 168 196 338 9
30 5
64 101 103 4 101 82 377 142 4 15 34 243 401 2557 176 51 4 92 7 18 9
64 44 41 126 142 87 10
128 57 4 92 7 18 482 2036 5 272 140 12 627 2715 23 8 27 12 2339 1120 31 13 611 26 2451 4 16 87 2938 31 11 2928 26 588 1164 1682 1767 5
20 25 85 10 10
291 10 91 10
43 63 8 162 76 9
43 239 9
122 4 1348 4 28 239 1068 8 16 48 355 9
404 257 469 9 10
360 112 816 257 469 10 10
203 6 9
29 4 6 36 4 90 5
29 4 562 15 2641 9
43 4 365 305 5
29 4 44 13 150 743 5
161 4 429 5 291 4 63 8 280 138 333 39 14 9
20 93 10 30 5 434 8 70 825 45 8 183 5
40 4 6 18 4 6 18 4 14 21 23 709 261 4 92 7 18 5 148 7 18 4 6 71 68 12 37 82 2223 4 92 7 18 4 56 21 23 704 4 95 704 16 490 10
990 4 217 4 44 185 46 11 1311 100 92 7 18 4 902 15 707 2581 95 799 145 25 112 816 1423 10
122 4 6 66 4 36 8 65 365 41 637 15 97 365 67 12 136 1156 31 11 1452 175 82 11 887 101 27 12 27 57 332 9 10 171 23 32 1229 12 291 4 16 2054 32 1229 12 11 887 4 16 92 7 18 28 4 95 32 93 181 2117 5
124 5 335 62 1322 5
29 4 56 83 6 36 111 99 4 87 365 41 418 286 5 6 66 113 75 99 16 136 355 4 6 166 5 122 4 8 96 49 4 163 8 199 251 99 62 26 15 5
141 33 4 8 96 4 8 27 358 12 442 4 6 27 266 12 442 5 203 8 68 19 12 442 266 9 2866 9 10
30 4 44 41 51 61 291 5
343 709 643 235 9 10
47 87 4 28 59 8 9 10 304 9 10
29 4 6 18 5 153 13 320 2177 5 302 8 312 19 9
148 7 18 28 4 482 15 5 153 831 5
468 1011 4 194 8 137 22 32 904 25 596 291 5
30 5 448 4 84 5 165 70 8 22 45 82 31 11 2252 9
20 4 90 4 280 5 64 4 86 34 48 231 9
43 273 4 28 239 9
20 42 5 192 273 4 110 73 121 123 9
29 4 90 4 42 4 6 71 4 6 71 18 5 122 4 92 7 18 28 4 194 95 22 82 39 11 643 9
20 4 372 4 217 5
268 4 131 6 49 111 8 123 5 153 4 95 151 26 19 5 122 4 92 7 18 28 4 6 277 110 15 151 6 134 8 5 30 9
301 4 131 6 4 6 224 114 13 112 1871 46 2427 4 16 6 838 26 439 72 58 123 8 188 1563 37 264 4 92 7 18 5 80 138 41 58 15 12 4 81 231 4 8 77 4 77 170 5
30 5
30 4 56 5
53 4 291 5 89 4 69 4 6 18 14 8 65 6 110 45 21 289 1309 100 4 56 6 52 183 5 2310 325 76 143 49 2684 21 318 258 6 49 5
29 4 56 32 22 14 5
979 11 937 5
172 57 4 527 5 128 57 4 95 13 93 437 792 4 178 93 5 1987 5 30 4 42 4 11 808 100 23 14 8 58 28 44 396 4 92 7 18 4 22 92 7 18 4 21 23 1184 490 5 30 4 229 1358 44 41 209 21 433 10 30 4 49 6 22 61 25 1914 9 30 4 82 57 4 93 5 5
53 4 720 11 303 51 46 389 5 2500 9
2787 9 10
6 316 55 2405 2093 11 526 31 14 245 5
218 5
64 118 330 5 2281 12 58 19 5 2825 116 31 13 288 5
47 4 194 11 354 2792 275 2007 16 73 1720 14 261 287 19 5 5 5 5 1985 5
366 37 2877 45 13 147 5
91 5
50 103 4 260 12 58 19 9
43 9 10
43 63 8 162 9 368 8 276 12 610 19 9 468 125 9
124 5
124 4 6 36 5
29 4 189 77 36 5 53 10 1084 34 13 711 9 10
153 193 13 711 10 6 79 15 175 1831 2057 10
40 10 10 148 7 2102 7 18 71 36 19 205 1656 5 573 870 4 230 4 1666 11 598 26 25 206 9 10 304 9 2251 25 273 4 53 4 21 574 23 560 10 10 2247 4 16 14 2790 8 310 31 9 503 45 14 133 139 5 124 4 6 36 5
44 22 276 12 312 8 4 702 33 5
717 5 5 5
717 5 5 5
717 5 5 5
1714 5 5 5
2452 4 42 4 42 4 42 10 10
1318 41 413 21 82 11 104 10 6 134 21 797 10 10
20 4 2601 5 5 5
641 4 69 4 69 10 363 8 71 464 44 41 11 598 26 25 206 4 16 857 4 31 25 778 797 5 50 27 13 1834 1245 5
50 628 19 5
6 530 15 10 6 530 15 10 6 240 530 73 1650 99 10 148 7 18 4 1789 121 42 4 56 76 38 63 10 227 9 144 22 438 67 4 154 100 73 375 10
53 4 95 132 45 339 1238 10
594 101 102 4 76 101 102 5 568 4 83 73 2081 99 1103 4 44 41 551 286 4 6 2195 5 6 166 4 6 166 489 21 5 141 33 4 303 116 10 1603 116 10 668 4 76 38 51 4 806 109 31 5
2175 109 31 5 370 10 705 109 31 10 705 109 31 10 10 272 2381 1039 10 6 4 6 166 58 215 56 11 875 1039 10 10
30 4 6 27 12 36 125 5 6 66 4 6 27 4 6 27 12 290 15 10
6 71 18 4 56 6 103 4 6 27 11 616 14 25 548 78 170 36 15 5 157 51 116 16 6 170 947 125 5 1227 10 10 6 158 419 10 10
89 4 101 578 37 583 10
6 158 419 10 849 158 419 10 10
849 158 419 10
1227 4 6 158 5 5 5
29 4 69 5
153 22 6 479 72 52 135 5
6 27 12 2457 1891 967 2503 5
53 274 10
1070 5
29 4 73 521 583 1079 830 4 56 87 73 663 81 26 672 7 17 1887 2744 62 33 11 1531 4 52 5
2752 15 332 175 19 98 37 210 81 5
50 158 12 61 179 310 5
47 6 7 35 347 14 180 7 17 233 361 16 493 500 99 414 4 52 6 121 38 22 82 37 1225 59 15 16 832 72 5
790 9
496 4 6 114 12 940 15 12 11 1672 238 5
6 65 6 27 168 450 1237 1105 175 533 376 5
29 5
43 9
40 5
1070 5
43 9
30 4 273 5 192 8 232 58 4 94 4 1468 1280 272 1613 9
203 8 471 11 1303 46 4 94 4 1027 11 2776 9 47 1027 114 127 4 127 136 2157 4 94 4 1141 998 5
1141 998 4 34 387 21 4 94 4 2344 1208 100 5 105 34 243 348 5
53 10
89 143 6 663 2812 2575 26 11 1814 2434 1279 75 13 1118 2860 5
30 5
91 5
1622 28 9
362 1405 25 463 5
20 4 73 249 7 24 65 15 98 37 14 150 26 382 5
89 4 14 34 317 12 37 45 13 1378 4 2605 100 1068 201 5
108 7 17 511 4 69 5 108 7 17 45 4 74 7 576 1158 13 1580 9 7 152 7 576 110 15 33 11 133 26 11 2438 2241 2324 9 7 5
29 5 89 4 8 60 7 24 4 8 60 7 24 251 59 45 4 8 18 4 48 351 16 11 2821 206 8 4 8 36 46 72 5
572 10
941 5 64 28 8 4 8 111 487 198 266 9
192 8 251 59 11 146 26 421 569 9 203 8 111 195 59 11 146 26 421 569 9
6 18 4 56 15 7 17 193 1798 1432 4 6 65 5
1619 111 487 198 266 5 192 8 18 14 9
40 180 4 266 10 315 206 8 45 4 206 73 865 4 1617 4 1606 4 1566 5 5 5 5
118 323 2862 7 17 119 16 1015 4 8 18 4 38 1964 37 162 15 5 203 8 117 9
496 10
29 9
30 4 69 4 6 7 115 51 154 5
64 4 74 4 11 198 146 118 16 6 63 31 373 321 59 2727 4 16 6 239 12 2538 13 1337 948 1249 100 5 5 5 5
124 10
124 10 161 4 131 4 2014 34 492 5 30 4 679 51 5
30 5
941 5
1002 11 1951 2237 9 20 4 2954 10
404 355 4 48 508 19 4 48 508 19 4 59 48 355 4 28 23 11 494 46 8 9
6 197 7 1974 7 32 7 1363 7 5 352 781 116 78 10 5
40 4 42 15 7 17 4 94 4 15 7 17 32 8 4 94 4 15 7 17 94 4 15 7 17
6 418 180 4 11 987 831 25 261 5
29 10 20 25 85 10 283 21 28 95 45 12 37 8 9
20 4 8 27 42 406 5 951 97 70 33 1477 6 61 2123 792 72 1174 784 72 4 56 87 73 826 181 46 11 1553 4 16 95 45 1291 1705 62 25 660 10
268 4 307 4 8 114 13 1214 39 13 2218 9
53 4 446 10
228 4 6 103 4 306 12 14 1308 14 8 70 321 59 200 670 5 5 5
80 6 924 11 528 4 6 114 11 334 4 15 34 93 4 90 5 105 34 93 4 90 5 5 5
20 4 182 10 149 2276 5
43 9 10
336 62 26 76 4 77 9 10
29 9
362 337 19 11 954 82 57 5
47 520 4 90 10 29 4 280 4 13 556 393 119 5
128 57 5
141 33 293 4 71 51 5 398 9 43 36 8 121 9
108 96 45 13 1035 5 43 36 8 58 31 99 518 9
53 4 44 32 814 31 72 827 10 153 542 2414 72 827 14 1991 5 80 1345 4 488 103 4 488 97 36 8 234 143 44 109 62 46 9
203 8 68 19 12 68 8 12 234 9
43 9
141 33 293 4 71 51 5 398 9 43 36 8 121 9
53 4 95 41 37 82 57 5
43 9
20 4 90 4 46 11 2770 2668 5 29 5 6 34 52 1083 12 14 5 122 103 4 92 7 18 28 4 6 65 6 224 158 12 226 33 25 206 255 5
30 5
30 5
284 4 63 8 69 9
6 71 18 5
177 36 8 66 9
369 55 137 2047 72 11 799 5
29 4 90 4 16 87 2365 4 73 194 73 137 1581 72 1693 285 136 2415 5
80 87 4 87 55 137 388 136 1321 4 136 1321 12 2327 72 2767 4 16 4 16 4 16 1091 72 10
1204 45 14 9
29 5
53 5
53 5
990 4 213 103 4 521 239 46 446 5
20 4 15 34 52 498 5 836 11 134 452 5 5 5
1221 5 6 22 4 6 22 2107 72 310 39 45 693 4 22 1212 31 16 1212 62 5 80 87 6 530 73 34 1310 156 4 156 72 925 244 109 45 21 5
53 5
64 6 103 4 515 12 665 4 224 248 72 86 213 70 46 201 5 192 8 103 4 110 8 251 12 2369 9
148 7 18 4 59 28 239 46 201 5
43 63 8 321 59 9 105 34 13 150 382 5 6 66 4 102 33 8 166 111 19 200 146 183 66 125 12 8 5 189 34 78 4 138 32 14 93 168 2902 5
496 5
91 4 665 5
47 4 52 518 2170 4 28 44 396 23 6 2649 1910 48 658 216 6 306 181 46 8 14 146 5 229 103 4 229 2622 1183 542 15 45 12 37 33 48 378 26 15 4 16 44 84 5 64 4 36 8 65 8 49 911 19 9 459 5 367 5 30 4 437 5 218 4 1064 9 20 346 4 737 5 2059 4 23 1064 78 9 20 4 806 32 181 211 9 47 103 4 221 6 224 158 12 251 12 8 139 5
43 13 899 10 50 68 19 12 1369 136 1179 9
80 138 193 32 2564 12 99 75 82 9
29 4 56 274 178 289 511 5 159 34 138 1600 2738 5
20 4 6 129 4 25 378 193 1085 175 97 8 2341 294 19 830 5
6 18 5
374 10 10
793 13 210 33 13 1942 758 9
20 6 58 4 52 21 1172 23 452 13 770 5
470 14 138 33 138 591 4 138 880 12 113 127 329 127 8 45 5
29 4 102 76 10
29 5 20 10 1409 86 8 1802 11 1848 2743 9 10
810 10
810 10
44 185 4 44 185 5
124 6 129 10
89 4 44 185 5 803 5 89 75 14 5 1822 10
40 5 6 2437 61 333 16 51 12 13 544 75 25 1751 714 5 153 13 328 150 382 4 484 13 253 26 195 78 6 27 12 403 5
47 4 6 170 51 12 11 820 509 4 1281 193 37 828 87 5
122 92 7 18 4 6 137 388 13 2153 257 333 5
89 4 703 312 19 152 51 5
30 4 56 216 8 51 4 137 8 312 19 154 9
30 5 474 388 21 2611 5
29 5
1678 5 1898 5 30 4 36 8 18 86 4 22 636 15 1284 11 1389 5 30 9 190 636 15 5
568 10
53 10 172 22 1673 19 31 11 2950 10
30 4 22 636 15 5
227 5
30 4 88 191 15 196 4 156 38 71 5 5 5
144 71 68 1062 12 37 139 135 4 38 68 15 12 37 2306 5
1456 97 4 488 97 36 8 65 6 71 413 341 26 21 9
1198 15 5
1605 45 13 1112 9
472 5
472 4 157 22 781 513 12 11 2100 175 2951 5
20 242 4 106 4 98 8 22 431 16 312 19 61 455 9
30 5 30 4 119 10 301 4 69 4 22 615 285 5
6 71 68 8 12 58 19 1120 10
29 4 56 14 34 511 5 907 9 6 66 4 38 70 4 38 70 109 62 87 4 88 6 65 95 405 5
43 9
106 10 1267 14 10
141 33 10 6 71 68 8 347 26 19 45 14 205 173 10
1267 15 10 725 15 62 10 725 15 62 10
1191 5 5 5
128 57 5 473 5
2147 10 10 292 28 8 110 4 44 41 37 162 15 212 286 88 5 30 9
172 15 5 374 10 10 10
2563 10
374 10
374 10
374 10
374 10 374 10
30 4 6 36 5
6 77 36 5
30 5 20 242 4 1466 4 138 32 41 102 46 19 9
30 5
214 8 5 810 10 10 10 10 85 10
44 84 4 6 22 166 51 12 11 820 1078 45 21 5
30 4 1159 111 19 11 839 5 227 9
30 5
43 100 9 43 100 9
43 100 9 43 23 21 100 9
20 25 85 10
106 4 123 183 8 111 19 14 9
6 900 186 8 5
108 23 11 2874 100 4 6 22 5 5 5 5
30 5
20 4 44 84 6 807 138 1245 5
2066 4 90 5
292 130 5
53 5
268 4 247 6 199 1294 841 39 773 255 5 2687 79 28 9
538 15 23 5 106 4 86 59 8 9
122 8 197 81 5
30 5 192 103 4 8 96 66 8 1718 81 9
30 5
20 4 182 4 8 96 63 521 41 61 12 403 446 10
80 6 103 4 2274 179 26 48 2697 5 6 549 73 865 15 5
272 2432 1826 513 12 11 2853 723 5
64 4 52 4 2470 130 65 9
189 599 31 14 5
641 4 1778 4 446 10 228 6 68 8 12 403 311 5 804 4 21 23 446 5
29 5
20 4 182 4 665 5 268 4 8 96 21 23 4 21 23 1099 1489 4 665 5
53 8 96 4 21 23 25 1980 4 2630 5
40 4 1763 905 31 11 245 5
124 10 10 10 1794 10
1899 464 83 6 2453 21 9
53 10 368 8 69 9
228 4 2337 1679 541 358 56 4 56 195 143 783 191 15 127 1410 5 50 18 28 8 167 36 9
20 4 2526 5
161 10 29 6 103 4 6 337 67 13 210 139 5
268 4 2393 1038 5 53 4 111 130 28 5 523 19 507 8 181 5 47 290 212 353 1332 1176 16 2097 353 2333 26 565 1966 16 11 1273 5
20 4 8 183 58 11 1273 9
40 5 165 9
20 4 1327 10 343 1607 16 138 93 436 5
6 18 10 172 123 101 2918 19 10
448 5 370 13 288 4 242 13 288 5
6 4 6 71 61 8 5 6 66 154 4 8 418 19 5 366 8 310 46 19 5 366 8 68 358 12 36 46 19 4 88 8 68 19 164 5
446 4 36 8 196 45 19 9
47 52 4 86 102 8 2758 19 142 9 148 7 18 9 177 102 8 70 46 99 9
367 5
30 5 30 4 69 4 182 5 422 38 51 4 449 61 48 1240 67 78 5 327 146 4 446 5 2859 2268 5 44 41 262 21 49 57 76 31 592 8 27 12 2421 5
53 10
29 10 6 1200 75 1099 4 56 103 4 358 239 5 53 4 307 4 230 70 130 9
20 4 15 34 119 10 29 4 189 2125 72 181 4 16 15 34 498 86 135 38 1167 4 92 7 18 9 366 103 4 87 73 777 62 4 56 87 73 1028 67 5 29 9 80 38 1200 67 82 146 321 4 16 88 70 45 289 354 59 487 198 10
43 9
959 65 9
538 816 4 81 991 10
29 9 10
430 10 430 4 44 392 1138 84 4 44 392 10 360 2750 16 25 2486 16 13 607 4 1062 34 2922 5
595 446 9
43 9 10
20 4 2406 4 51 12 11 559 5 44 117 762 145 12 11 1869 16 380 8 125 5
407 23 73 1234 9
44 602 67 10
53 10
2568 109 33 9 1920 21 59 1938 5 322 5 9
122 4 56 2240 59 201 9
47 4 52 4 431 39 11 2818 10
47 49 8 75 575 431 12 11 519 26 11 245 9 6 66 4 157 51 12 11 926 46 130 4 189 117 121 93 437 5
573 13 288 10 10
29 4 6 316 15 23 5 228 4 6 103 4 6 199 121 93 437 4 1174 6 199 121 15 736 156 21 23 2841 19 5 2150 100 8 199 18 4 23 14 6 170 174 482 8 5 122 4 891 79 213 8 27 12 36 88 4 16 52 36 6 5 80 52 44 41 61 33 21 1785 4 16 44 41 51 12 1853 426 31 1528 26 2275 2156 5 122 97 6 940 4 338 466 175 88 4 662 37 308 785 5 122 6 1293 27 2099 75 82 5 64 8 111 48 1691 12 113 19 67 4 151 1372 4 293 4 44 41 68 12 403 72 5
30 4 16 87 21 23 11 558 714 5 171 23 230 6 245 25 1030 5
29 4 16 236 63 25 220 5 849 5 171 23 356 4 356 11 195 5
356 23 13 802 5
30 5
20 4 475 9 29 4 2166 4 38 7 54 2753 487 198 255 5
6 18 4 6 18 10 6 7 35 45 331 11 611 5 148 7 18 9 315 4 2079 188 96 4 6 7 35 2272 25 1235 2855 5 148 7 18 9 148 7 18 4 21 386 7 120 45 92 7 18 1657 7 4 2314 7 1796 5
860 13 476 7 17 2202 702 97 55 2176 9 30 4 42 101 60 7 24 5
108 23 52 119 10 20 4 6 5 5 5 20 25 85 10
20 25 85 10 10 10
40 10 40 10
47 4 38 60 7 24 1813 13 802 4 38 7 271 4 38 7 271 45 13 93 2471 5 20 25 85 4 76 101 102 10 47 4 38 199 61 62 26 76 10
47 113 4 83 6 260 12 58 13 802 4 6 98 303 81 5 30 9
16 189 49 7 24 126 15 10 148 7 18 9 6 7 35 22 4 240 605 81 26 176 23 41 873 19 46 11 198 81 5 105 7 17 452 19 354 5
268 5
47 4 15 22 4 15 379 7 24 169 45 331 390 4 15 1136 45 226 5 105 7 17 45 6 7 35 2159 31 11 611 5
47 4 356 23 119 4 92 7 18 2076 4 55 7 17 45 13 147 4 147 5 148 7 18 9 159 7 17 52 1439 4 55 7 17 2467 5
29 4 56 475 7 17 77 522 5
29 5
475 23 32 13 1875 10
85 4 14 23 11 1071 932 5
40 10 122 15 7 17 11 1071 932 4 11 2904 248 19 12 27 13 119 231 5
128 57 5 6 199 51 5 6 27 298 67 46 356 5
29 4 6 45 356 13 253 4 92 7 18 9 122 4 95 22 2769 52 522 4 92 7 18 9 80 31 11 308 762 4 6 65 522 95 22 318 258 295 22 45 13 77 4 77 4 77 270 441 5 475 10 1630 475 10 30 4 1000 19 525 10
652 19 5 301 4 23 356 76 9
161 10 6 183 18 8 96 221 467 349 5
301 4 722 5 1084 562 41 37 492 5 301 4 6 71 65 38 167 58 487 198 390 5
44 84 5
20 25 85 4 6 183
2103 10 370 10 10
44 508 8 4 83 8 68 12 126 234 26 14 100 4 8 167 51 12 25 2483 147 5
20 4 8 52 98 10 20 4 8 167 61 14 518 5 315 39 2060 5
53 274 273 4 83 8 36 61 469 4 49 6 571 188 2610 9
40 4 14 34 25 140 26 508 8 5 47 4 15 491 62 365 2174 522 4 55 2540 13 2903 16 55 1774 5 159 196 2840 19 1247 1992 14 55 1618 26 19 5
29 4 131 983 1918 667 1730 4 56 92 7 18 4 55 275 492 1565 12 13 253 26 1247 5
47 4 90 4 151 6 27 12 298 67 46 325 4 16 30 52 475 23 522 4 56 88 2209 356 1852 4 356 275 11 1096 92 7 18 9 64 153 77 22 59 11 1331 5
475 9
2920 10
776 435 4 2700 67 25 441 5 776 435 4 240 31 13 2332 5 776 1551 20 40 10 43 23 55 162 76 9 128 57 4 22 244 331 4 22 244 331 5 2111 61 400 21 1138 662 37 185 5 30 4 265 8 5 80 4 127 240 42 81 251 12 19 451 11 380 5
53 10
6 71 18 4 55 22 326 1201 19 5 336 99 10 336 99 4 356 10
29 4 69 4 2358 132 1050 385 26 8 4 16 95 132 77 898 5 434 92 7 18 95 132 13 253 26 267 4 39 19 5 301 4 56 189 45 8 385 4 16 6 4 16 6 183 18 86 12 2797 4 52 5 5 5 44 84 4 44 22 4 44 532 4 44 13 532 447 5 44 532 5
256 9 10
47 4 21 23 674 26 25 1215 5
47 4 6 439 8 13 1582 819 544 31 11 686 5
47 4 14 2615 132 77 1278 5
29 4 56 2873 49 36 14 39 8 4 44 41 36 14 39 8 5
53 5
343 32 41 186 21 5 30 4 52 6 51 116 5 5 5
64 96 4 247 4 6 51 116 78 4 16 273 5 5 5
6 5 5 5
1968 15 5
6 27 42 406 5
159 183 499 19 12 904 99 5
159 260 12 111 19 365 41 1486 23 179 774 1151 2896 2832 5
6 71 18 527 5 999 1261 45 1304 5
29 4 56 287 11 1694 5
64 8 49 45 4 1091 4 16 962 1178 531 16 206 9
646 334 2796 9
6 199 111 130 4 6 65 95 69 12 37 14 147 5
30 4 49 38 163 51 756 9
961 56 1944 5
91 10
53 4 273 4 52 247 273 4 25 220 70 508 19 13 112 59 21 103 4 774 1151 100 16 15 4 131 15 393 77 2254 5 189 71 68 8 12 61 610 4 156 6 224 45 8 5
2185 19 662 37 1055 5
53 4 63 38 193 33 39 255 9
30 4 93 4 156 273 4 131 194 38 137 27 13 112 2050 26 233 591 5 5 5
177 453 22 13 2881 9
85 106 4 28 23 14 9
6 134 8 4 590 10 10 10
590 10 590 10 10 108 96 243 620 10
6 66 189 187 8 70 728 75 154 4 56 679 110 15 5 80 88 8 49 22 113 133 75 21 100 46 42 2285 5
47 4 138 32 41 61 109 63 8 9
47 4 42 5 122 5 5 5
108 147 811 33 48 1024 902 8 777 62 10
50 183 18 14 603 9
30 4 22 61 13 253 318 5 2522 5
29 5 2266 34 11 425 5
53 5
20 4 59 421 237 5 227 88 541 2109 136 1480 5 1817 55 1537 212 109 12 1726 16 1925 11 871 142 1487 5
701 4 163 5 44 77 889 5 214 8 5
398 111 19 138 1549 88 5
50 63 881 10 959 199 246 21 67 10
1569 145 5 128 57 9 398 4 22 247 12 19 5 50 63 532 75 21 10 30 9 50 63 11 1287 774 2045 232 10 1855 10 10
47 87 4 92 7 18 28 9 6 234 59 8 12 135 12 489 8 610 416 45 21 5 64 83 8 27 12 36 21 4 87 138 41 27 12 36 15 287 19 5
366 229 199 51 5 278 5
124 9
256 9 10
6 66 23 14 269 1209 26 321 59 215 297 56 443 9
108 23 52 348 5
417 4 150 4 688 2691 5
53 10
106 337 15 12 19 5
417 4 265 8 5
47 752 19 4 25 1448 220 4 6 129 76 12 111 8 14 1575 63 133 5
20 90 4 88 311 458 12 37 867 21 1189 10
1716 250 10
30 4 1205 513 9 10
141 33 4 163 9 10 44 2552 10 50 209 19 36 15 408 216 5
124 10
190 408 10
1368 15 45 13 235 4 106 10
20 4 102 33 10
256 9 10
20 4 90 5
30 4 48 1237 23 331 75 2090 4 2396 339 348 859 5 788 384 4 6 27 421 4 16 14 384 6 61 1092 2586 10
128 57 4 44 41 191 173 1349 10
44 22 452 1349 5
43 9 10
20 4 102 33 10
319 4 163 9
159 23 4 562 55 9 6 71 18 4 6 71 18 4 6 66 194 95 22 548 76 75 11 2940 264 152 4 6 71 18 5 122 95 45 125 5 5 5
47 10 283 311 297 295 22 1840 9 10
47 6 1239 11 103 4 414 402 562 67 397 5 192 8 96 399 176 200 146 9
20 4 119 5
44 109 39 13 507 5
20 4 103 919 5 6 22 1036 45 1230 62 76 16 2372 5
1474 4 84 6 589 14 5
2751 10
148 7 18 4 6 199 111 130 4 6 2383 113 97 8 70 1150 5
417 10
256 9 10
6 66 8 635 167 36 14 5
29 10
1168 4 290 5 141 33 5 470 51 2267 14 517 10
744 307 4 14 734 10
91 10
108 34 72 406 4 1130 337 72 13 1856 5
53 10
141 33 58 4 73 371 113 14 462 5
6 71 18 5
128 57 10 106 4 36 8 65 95 492 39 19 12 58 8 46 755 297 9
29 4 151 6 2051 8 4 32 151 6 583 2677 8 10
572 5
20 4 1640 4 52 4 679 134 19 10
572 10 369 10 6 4 6 71 18 5 106 4 6 193 166 911 8 39 28 8 110 4 6 166 4 6 22 4 56 567 97 44 46 8 6 22 4 6 169 52 5 5 5
6 22 4 6 169 4 189 22 5 5 5
6 169 5 5 5
47 10 327 146 5 44 109 1357 5
53 10
165 796 7 24 8 96 455 9
40 4 657 237 537 8 114 13 457 996 4 38 27 12 37 62 11 875 75 1114 12 495 5
47 4 8 18 4 6 7 271 169 13 281 253 318 83 8 79 455 88 5
256 5
91 5
7 434 4 6 7 35 13 329 4 329 235 5
40 5 64 4 94 4 209 7 17 58 48 243 684 4 211 5 2587 7 17 33 4 531 7 17 250 5
1143 10 80 14 1082 28 9 190 588 152 876 237 5
40 10 203 8 117 399 15 9
268 4 211 5 29 4 57 451 6 265 529 39 1139 391 12 11 502 4 6 821 13 580 59 11 2539 14 23 149 5
53 10
161 4 863 10 50 113 119 10
50 58 21 4 21 23 13 447 143 23 333 12 51 5 207 8 4 217 4 8 63 25 1144 5
50 96 4 8 18 28 4 8 18 28 4 15 379 7 24 494 4 151 8 385 27 12 51 61 455 216 11 150 2914 31 25 517 1804 5 64 5 5
108 7 17 4 14 7 17 412 5 1941 10
89 4 6 60 7 24 234 15 707 75 495 4 38 49 7 24 37 392 5
89 4 233 486 23 145 31 694 4 69 4 25 1073 23 41 37 78 4 529 170 58 83 38 1700 451 15 707 5
440 91 202 4 63 8 78 9 105 7 17 19 4 222 67 5 118 5 202 10 440
2936 5
105 7 17 450 4 15 7 17 635 450 5 1818 7 24 8 399 11 4 11 1294 1043 9
29 4 58 274 4 247 4 247 5 407 749 16 6 438 67 4 6 306 400 11 313 100 5 80 8 18 28 6 110 9
6 5 5 5 5 5 79 5 5 5 5 5 455 5 256 4 77 1056 5 30 4 69 5 422 38 51 4 78 38 51 5
40 4 42 4 60 7 24 4 60 7 24 4 2909 15 10 692 7 24 10 43 424 62 1316 9 10 43 424 62 1316 9 10
30 4 113 4 38 27 1366 237 5 30 4 180 4 6 68 8 12 51 16 579 10 30 5 80 87 4 97 8 102 133 4 149 170 51 579 4 16 55 7 115 27 2335 11 2426 5 30 5 30 5
40 4 42 4 42 4 42 4 42 4 42 4 32 62 26 14 4 32 62 26 1014 5
30 4 274 4 6 77 60 7 24 65 21 23 11 5 5 5 30 4 8 7 54 894 4 8 63 894 5
20 4 119 5 105 7 17 809 12 2293 4 14 170 191 15 492 12 61 13 649 5
50 60 7 24 4 8 60 7 24 18 28 48 387 9
29 4 395 4 395 38 27 12 383 39 31 527 716 237 5 128 57 4 102 33 4 6 7 115 22 222 125 62 39 8 5
89 4 6 7 35 84 4 6 187 15 1022 243 5
89 4 6 249 7 24 1946 15 287 14 1649 2573 5
335 39 255 5 335 39 255 10 2418 4 28 4 28 4 63 8 162 9
43 9
53 4 28 8 36 33 48 591 104 5 5 5
448 4 577 4 577 5 141 33 4 102 33 4 28 5 50 377 136 435 9
30 4 88 445 33 5 149 4 123 4 123 49 7 24 8 22 413 11 435 8 7 54 387 88 9
30 4 87 123 36 8 27 12 413 435 255 9
30 4 182 4 14 7 17 69 46 19 5 538 145 16 6 27 527 716 237 5 5 5 5 843 4 25 489 583 5 360 489 5 30 4 58 4 11 4 11 1089 2702 300 7 24 109 285 205 173 5 43 104 23 15 9 105 7 17 426 314 305 4 6 27 876 237 5 6 27 876 237 10 10
190 4 22 4 22 222 81 10
29 4 626 4 28 4 28 168 406 5 468 318 397 4 94 4 86 7 453 8 51 287 205 626 5 89 4 6 60 7 24 18 28 8 7 54 276 12 36 12 19 4 56 22 61 48 441 31 78 16 222 62 205 772 14 1952 48 1240 4 69 5 40 4 42 6 60 7 24 234 83 101 2362 5 6 60 7 24 234 83 101 191 48 2136 152 48 2210 152 48 1461 113 688 5 30 5
40 4 42 4 42 22 36 15 5 352 31 78 16 222 125 62 52 38 49 51 5
214 8 10
105 34 4 15 34 72 2732 5
1143 10
40 4 42 4 42 4 42 5 2161 4 913 4 913 4 913 5
259 5 6 18 15 323 1625 878 1717 4 56 4 94 21 638 37 2245 15 13 112 4 94 5
50 7 54 32 109 12 51 5
177 4 86 4 94 86 49 8 32 37 109 9
259 4 8 18 4 22 62 26 1336 5 5 5
227 5 227 4 69 4 69 5 6 7 35 84 5 6 7 35 84 6 1292 5
40 4 56 4 2900 712 5
40 5
404 32 109 5
30 5 50 18 14 189 27 12 51 5
227 5 64 23 15 41 37 45 7 6 7 35 1827 8 481 48 561 5 7
40 4 151 48 32 561 5
1149 11 2694 5
20 4 131 26 645 4 11 1152 5 64 4 52 1841 4 38 7 54 69 5
144 7 54 93 5
30 5 409 9
6 134 8 5
30 4 69 5 2571 4 341 46 11 1584 5 40 10 6 7 35 704 26 21 5 30 5 6 7 120 114 15 67 12 76 46 8 188 10 2308 8 49 102 12 11 309 10
50 18 28 6 60 7 24 234 5 272 277 447 6 2810 59 257 455 4 23 11 81 447 14 323 73 7 17 32 196 41 51 5 89 202 4 6 7 35 84 5 30 5 89 4 189 2497 4 6 34 13 899 5 6 7 35 84 6 1292 5 6 68 8 78 4 6 158 8 78 5 89 4 28 4 28 49 6 36 14 49 380 8 86 135 4 86 135 6 68 8 12 37 78 5
91 4 978 4 12 168 1225 1018 5
43 9
30 4 69 5 363 14 23 28 15 1082 12 380 8 86 135 8 66 12 19 4 16 86 135 6 68 8 78 5 366 14 7 17 28 6 7 115 36 5
6 65 21 170 37 185 5 30 4 1343 1193 4 22 13 1343 1193 4 46 771 929 2814 31 15 5 1440 5
50 170 9 10
47 4 90 5
177 7 453 1011 8 4 51 61 1302 10 50 4 246 99 133 136 435 10 6 7 35 41 51 61 13 649 4 16 6 68 529 145 2431 31 188 237 10 319 10
30 4 69 4 69 4 6 7 120 79 188 1162 16 42 195 5 352 10 352 10 352 10
118 10 10 161 10 50 4 74 4 8 113 4 722 10
64 38 7 54 13 112 392 5
43 9
1936 10 10 10
161 10 43 13 1970 5
53 5
40 4 6 199 413 21 100 39 13 402 1238 5
496 5 6 114 13 608 82 624 62 56 87 180 564 19 62 5
43 23 21 9 2028 9
448 4 600 10 6 134 600 10 53 4 86 102 38 174 27 600 75 233 238 9
171 170 22 37 25 2827 5
759 97 8 230 13 640 16 48 355 98 1051 8 142 75 11 1282 46 13 1972 26 600 16 13 112 2321 9
50 515 12 99 5 368 8 354 9
53 4 6 249 7 24 1710 72 5 6 66
744 5 417 10
2019 48 713 264 5
40 173 600 9 10
1333 15 62 10 10 1953 1660 10
29 4 11 1516 2201 10
523 19 58 5 20 4 57 5
47 4 57 451 6 110 14 443 2893 145 75 1029 5 53 4 759 14 827 6 337 8 39 48 505 9
1554 4 14 7 17 28 6 34 387 97 6 2714 5 6 7 35 224 1351 78 7 17 205 26 25 1203 410 5
369 4 6 167 160 21 238 16 61 176 12 262 25 7 766 26 761 1119 7 33 76 5 50 18 4 419 21 2707 67 13 112 5
2485 4 8 137 2378 99 16 58 230 55 826 5
53 5
545 8 109 9
2024 152 2709 9
64 8 7 54 77 162 21 4 211 9
993 270 5
40 1764 7 4 1020 5
40 4 189 1129 8 98 7 120 2837 13 930 147 5
6 60 7 24 18 4 6 22 240 2129 8 2629 67 46 81 26 349 2863 4 676 930 96 4 282 45 5 5 5 5 1851 5
105 7 17 13 282 4 90 5 6 512 8 4 8 18 4 31 21 119 714 46 13 150 779 5
159 7 17 79 11 1096 39 15 5
50 96 27 81 26 349 1224 14 323 314 7 144 60 7 24 2945 31 48 601 4 52 60 7 24 2190 31 233 779 5 7 4 8 18 5
472 8 36 4 15 34 13 711 175 19 5 20 10 80 8 27 236 339 119 429 5
29 10
472 10 122 182 4 8 18 21 140 393 93 139 5
20 319 5 161 4 21 147 7 17 168 1421 5 108 98 7 120 132 348 4 39 45 13 231 5 5
6 330 11 2088 1080 364 4 101 689 7 24 564 13 2868 1325 26 1445 5 815 458 25 1845 5 6 66 4 1145 60 7 24 61 15 369 83 101 501 19 31 447 5
192 6 61 15 9
50 7 54 2867 7 2783 7 57 6 129 10
47 4 15 7 17 2838 78 63 42 93 1282 5
53 4 235 5 43 7 17 67 9
47 4 6 7 115 111 130 6 36 637 1140 4 56 4 103 4 15 741 7 24 19 5
283 856 297 906 9
336 11 269 13 699 10 336 11 269 13 699 10 322 699 10 322 699 10
644 5 644 10 1724 11 204 5
190 36 15 10 30 4 15 7 17 493 16 83 6 61 15 6 7 35 109 12 27 12 58 72 255 5 20 4 14 7 17 119 6 7 35 41 27 12 58 72 255 5
30 4 200 146 75 544 4 97 11 2708 342 4 73 262 457 72 771 2328 33 25 918 16 377 25 1195 5
572 5
40 4 15 7 17 45 82 26 11 1155 4 38 70 21 402 5 80 21 2026 326 109 142 31 25 517 314 7 685 39 48 261 10 336 62 26 11 768 10 7
6 18 4 14 4 14 7 17 123 6 60 7 24 68 12 51 255 4 6 7 35 605 6 7 35 109 12 121 125 329 5
89 28 36 6 36 9 6 117 61 852 21 4 6 60 7 24 117 37 605 26 11 2672 100 5 6 117 51 400 11 1586 4 12 11 198 378 10
203 38 27 205 5 5 5 203 38 27 205 2151 76 9
50 65 9
29 4 644 4 6 1803 8 83 6 7 35 1279 145 11 1214 26 13 1907 4 6 7 35 243 135 2673 353 395 140 5
7 434 4 6 260 12 74 4 246 8 21 5
47 4 242 78 7 17 4 78 7 17 173 5 292 11 1729 463 23 12 51 294 48 1560 324 1040 5 292 4 11 1040 221 826 31 25 2505 5
124 4 6 110 5 124 4 6 110 5 263 4 8 7 54 25 351 4 16 14 7 17 28 1948 167 4 167 61 5
47 4 32 19 5 122 14 7 17 28 7 17 239 4 16 4 103 4 16 4 16 78 7 17 173 5 144 167 126 13 1271 5
1221 4 38 7 54 13 402 16 14 7 17 28 2803 36 5 80 4 6 117 403 48 630 5 144 167 126 13 1271 46 48 630 10
6 129 4 6 221 129 5 6 66 21 23 498 5 360 763 261 6 27 2858 21 238 4 16 88 14 6 7 35 76 15 7 17 45 28 34 11 150 382 5 6 137 428 121 7 523 7 17 702 31 264 5 7 16 6 7 271 37 69 5
105 379 7 24 1363 19 10
20 4 42 4 42 4 42 4 60 7 24 51 10 6 7 120 906 130 7 10 6 7 120 197 139 135 10 6 7 35 789 4 16 1278 4 16 1111 39 134 10 10 53 4 493 10 105 7 17 19 5 259 4 90 4 1145 22 117 958 31 2371 39 295 1538 8 145 11 1160 5
64 4 6 521 873 67 12 72 16 73 323 21 715 23 109 12 687 16 38 27 12 2585 145 5
366 6 79 82 2849 16 1750 5
225 197 73 7 271 160 19 5
20 85 5
171 794 723 1429 45 851 212 11 140 5
64 4 8 60 7 24 65 6 7 35 1392 9
30 4 69 5 64 4 167 6 160 72 9
64 6 7 35 32 4 32 41 442 72 9
6 197 4 7 64 6 7 35 32 41 442 72 9 7
218 4 493 5
20 4 22 13 1207 26 1132 5 177 7 120 8 132 9
40 5 335 390 5
29 4 211 5 6 7 35 22 74 4 8 18 6 7 35 22 2448 67 179 213 39 13 309 5
47 4 6 7 35 84 83 25 220 796 7 24 127 1893 127 914 5
594 31 1319 5
322 269 7 17
1319 5
302 6 37 14 147 9
5 5 5 5 80 87 6 22 4 8 18 4 823 11 2662 26 2791 75 72 4 16 483 62 26 11 613 5
6 7 120 221 831 21 689 7 24 6 9 105 7 17 104 39 11 93 794 723 88 4 57 9
218 5 91 4 493 10 302 8 445 33 39 13 485 9 30 5 30 4 28 36 6 36 9
218 10
43 63 8 4 290 1857 2242 10 218 4 493 5 91 4 6 7 35 52 563 14 8 330 4 6 18 6 7 120 132 825 13 77 405 614 5 80 4 15 7 17 22 151 6 7 35 354 59 8 4 16 6 22 79 5 5 5 329 4 16 4 16 906 4 16 5 5 5 5 329 13 402 26 173 569 5 6 7 35 84 5 256 9 10 256 9 10
6 134 8 139 5
53 10
40 4 56 365 240 392 5
29 4 6 110 5 6 65 15 393 92 7 18 150 2473 4 92 7 18 4 709 240 392 5
40 4 6 18 4 44 22 889 5 148 7 18 95 22 92 7 18 1288 1314 4 71 251 12 25 497 4 1709 132 1242 13 253 614 5 153 45 11 200 1111 680 12 27 13 1121 4 92 7 18 4 224 100 5 343 52 1494 12 242 46 19 5
1864 21 23 291 10 171 23 25 2069 291 5
171 23 311 5 171 23 106 5
180 5
149 5
171 23 319 5
80 21 23 118 5
44 41 61 558 5
20 90 10 29 4 42 4 70 41 1464 4 92 7 18 1989 4 16 266 5
20 4 1909 10
29 6 18 28 6 260 12 499 8 5 259 4 49 8 2761 48 799 9 263 6 49 4 16 25 355 783 4 16 6 187 92 7 18 4 6 1129 14 34 125 6 79 175 233 456 5
29 4 90 5 50 49 36 15 12 5
20 57 4 90 69 4 25 355 137 4 16 6 166 5 144 71 27 14 5 5 5 5
2472 2636 5
161 4 178 684 5 2301 914 9
172 11 313 1734 127 2017 5 64 4 94 4 28 224 213 36 8 45 12 36 75 181 9
30 52 4 212 1223 4 8 842 1223 5
64 23 15 45 2721 9
259 4 90 280 5 165 8 117 160 48 355 9
20 4 131 94 4 32 57 88 5 148 7 18 44 22 41 51 12 373 4 6 65 11 2592 63 1139 19 13 2647 5
2740 4 2766 5
594 5 148 7 18 4 22 31 592 5
40 386 5 159 22 500 15 67 5
64 721 4 15 224 1760 5 6 71 18 4 6 22 187 92 7 18 14 983 169 173 45 13 596 92 7 18 4 45 8 16 106 4 22 45 684 16 1167 16 5 5 5 5
284 10 10
20 4 86 36 8 245 11 2334 381 9
6 22 747 8 5
6 71 27 104 39 21 5
788 8 22 337 67 77 1056 5
2593 11 1325 938 4 2422 11 2768 938 5
29 5 218 5 20 25 85 4 6 289 2554 10 47 166 325 297 36 15 5 122 4 6 27 2182 5 29 4 42 113 4 178 82 57 157 102 31 5 259 4 291 4 44 77 84 56 6 27 12 51 12 226 5 999 81 26 25 2757 16 365 2892 14 6 36 94 5
20 10 44 13 2820 5 6 246 195 2513 16 206 5
47 4 92 7 18 38 71 160 15 14 4 56 90 10
128 1386 5 157 37 133 2617 13 112 1207 5 1001 8 117 102 46 19 9
40 4 42 4 8 49 61 81 416 5 2238 37 33 11 714 10 148 7 18 28 63 150 1816 39 9
40 4 42 4 42 4 6 677 36 8 286 4 6 66 14 98 37 405 5 29 4 42 4 157 61 81 26 11 198 1094 12 36 15 5 20 4 21 170 37 52 135 267 10 53 10 368 8 2397 9
53 10 1727 10 646 109 33 9
50 166 27 443 46 72 10
30 4 822 4 49 8 4 49 8 499 389 5 2916 83 55 49 242 39 45 421 237 5
64 178 28 8 187 6 110 10 10 85 10 172 32 28 6 36 10
496 10 165 98 8 65 14 9
1701 4 95 11 461 519 12 11 461 340 2559 5
50 77 187 15 34 461 9
29 4 94 4 395 917 31 1337 70 119 39 8 9
6 71 5 5 5 5
227 4 69 4 2725 5
29 4 6 316 6 36 4 90 5
47 4 189 599 1960 712 4 92 7 18 5
30 5 128 57 4 21 23 25 778 526 26 11 340 4 57 88 4 21 5
516 5
225 599 13 1112 5
369 82 11 2921 63 490 5
30 4 157 37 133 31 22 13 288 5 20 4 207 44 84 14 6 410 1019 1901 33 11 204 5
20 4 87 15 726 132 8 5 278 5
106 4 2835 33 11 1033 152 102 116 42 173 10
43 9
91 5
1795 5 50 117 399 125 14 734 5
2347 323 541 1725 145 11 1100 5
29 4 982 541 2815 15 294 179 224 558 238 5
793 19 5
53 4 110 8 222 13 581 9
283 15 11 952 147 9
705 52 1199 5
20 113 4 11 779 1854 880 5 2934 444 67 5 157 37 133 31 22 13 288 5 336 333 39 19 12 1923 48 441 5
20 25 85 4 6 306 12 533 376 46 72 5 118 10 91 10
20 25 85 4 8 166 196 58 230 11 2689 1231 15 5
1168 4 22 45 8 240 260 5 1341
744 4 32 57 88 5
6 18 5
64 4 157 2257 133 12 25 361 5
20 4 1533 37 119 5
367 5
278 10 1699 855 323 4 6 174 58 14 269 164 31 25 261 5
43 63 8 162 46 11 2759 9
20 4 131 71 126 15 12 11 313 238 8 377 11 1471 4 156 2171 114 14 100 39 116 13 670 5
91 4 164 5
214 8 989 4 135 5
50 68 179 312 46 14 9
448 10 368 8 69 9
153 11 2360 5 951 11 2110 5
203 8 117 102 31 39 179 739 9
214 8 5 190 191 416 2039 5
171 238 23 77 25 2010 5 6 79 15 175 72 97 73 1289 12 1807 4 1604 6 137 174 2132 13 238 45 21 5 64 83 11 2580 232 943 4 44 305 557 450 269 4 1205 605 26 72 1555 5 64 63 8 2739 9
30 4 1683 48 2489 10
64 9 10
29 211 10 10 2932 416 67 10
6 71 186 21 10 407 325 943 8 31 39 739 4 16 12 8 14 384 101 117 27 443 9
153 69 5 6 1098 15 137 433 12 780 4 32 780 6 18 4 56 5 5 5 1329 11 140 6 49 193 58 15 5
307 9
595 48 373 9
43 9
43 63 8 321 59 9
804 901 10
47 4 679 2927 22 1643 11 2474 116 5
43 9 10 9 10
50 49 2875 5 573 11 2731 5
6 134 8 4 139 5
43 9 44 22 197 5
53 5
2305 416 5
207 1289 62 5
6 71 683 4 6 66 129 6 52 401 12 415 4 23 21 123 6 71 27 13 534 9
47 4 6 65 52 5
6 18 4 15 23 562 15 9
29 10 80 6 79 15 33 2871 4 139 5
47 4 83 8 117 61 13 556 514 38 49 5
6 18 5 367 5
53 4 63 8 69 9
53 5 407 8 96 70 429 16 8 946 766 4 143 70 8 9 6 34 240 1075 5
144 9
20 748 4 1361 32 52 93 4 44 317 12 94 4 718 142 11 1104 1326 768 16 853 33 13 1185 46 42 682 5 430 5
398 4 55 931 12 19 127 653 5
473 5
91 423 5
43 9
141 33 10 172 119 5
907 48 428 32 729 12 310 46 205 26 48 1264 5
742 12 58 8 164 252 5 357 5
1095 4 502 5
422 174 34 13 651 5 6 66 78 63 1054 4 95 22 14 6 103 4 6 174 624 75 81 5
29 4 83 138 77 593 5 105 34 13 582 4 6 439 13 582 5
153 32 13 651 5 5 5
64 4 252 5 357 4 765 11 450 758 5
105 1076 15 13 270 1265 113 5
161 5 44 84 4 97 6 34 13 640 6 432 13 1113 12 14 5
30 10
29 5 817 10 668 10 6 65 48 456 726 1313 490 5 159 277 1127 45 657 642 5
172 1248 9 10 122 371 15 916 8 9 343 13 882 5
64 9
50 77 1008 195 1060 9
367 164 4 252 5 357 5
20 4 103 4 8 71 158 14 5
272 1123 4 95 1305 4 6 66 15 424 33 48 1147 16 1197 4 11 4 11 103 4 146 1334 5
20 4 90 4 14 98 37 19 4 94 4 6 27 4 6 27 13 425 189 691 140 139 135 4 140 4 140 4 139 135 4 95 13 1058 77 5
6 18 5
872 6 36 384 215 4 77 5
47 389 5 621 1173 23 318 258 653 5
701 642 5 30 5 6 691 173 258 14 97 484 13 628 31 25 528 5
29 4 44 41 51 12 13 554 143 306 12 376 31 13 1216 5
53 307 4 28 63 8 162 9
89 4 296 4 6 27 751 12 191 270 4 15 371 226 5
89 372 4 6 137 37 11 890 235 4 6 137 37 11 730 235 4 6 137 37 13 150 4 620 4 994 235 4 16 15 193 677 191 205 1299 4 738 14 6 137 222 48 1347 67 16 121 315 19 10 315 19 824 554 10
118 81 910 23 32 41 1041 215 5 50 199 465 15 4 69 70 174 41 61 547 5
30 4 69 4 69 5 157 61 11 1370 5
252 5 357 5 177 63 8 9
214 8 39 1177 19 13 1246 753 5
30 4 178 15 4 6 166 126 15 390 5
20 4 163 5 798 95 789 4 69 4 44 22 41 51 5
89 4 113 44 84 5 153 22 14 5 5 5 5
214 8 10 172 28 6 244 396 5
268 5
80 136 154 282 5
568 163 5 1170 72 86 9
1066 46 14 5
6 18 14 10
43 49 6 36 4 73 371 247 12 19 59 1088 963 703 5
53 4 98 8 103 4 98 8 45 179 419 9
30 5 161 10 171 23 109 52 131 5 192 8 58 201 9 192 8 58 9
740 10
53 5 407 8 96 70 429 16 8 946 766 4 143 70 8 9 6 34 240 1075 5
144 9
20 748 4 1361 32 52 93 4 44 317 12 94 4 718 142 11 1104 1326 768 16 853 33 13 1185 46 42 682 5 430 5
398 4 55 931 12 19 127 653 5
473 5
91 423 5
43 9
141 33 10 172 119 5
907 48 428 32 729 12 310 46 205 26 48 1264 5
742 12 58 8 164 252 5 357 5
1095 4 502 5
422 174 34 13 651 5 6 66 78 63 1054 4 95 22 14 6 103 4 6 174 624 75 81 5
29 4 83 138 77 593 5 105 34 13 582 4 6 439 13 582 5
153 32 13 651 5 5 5
64 4 252 5 357 4 765 11 450 758 5
105 1076 15 13 270 1265 113 5
161 5 44 84 4 97 6 34 13 640 6 432 13 1113 12 14 5
30 10
29 5 817 10 668 10 6 65 48 456 726 1313 490 5 159 277 1127 45 657 642 5
172 1248 9 10 122 371 15 916 8 9 343 13 882 5
64 9
50 77 1008 195 1060 9
367 164 4 252 5 357 5
20 4 103 4 8 71 158 14 5
272 1123 4 95 1305 4 6 66 15 424 33 48 1147 16 1197 4 11 4 11 103 4 146 1334 5
20 4 90 4 14 98 37 19 4 94 4 6 27 4 6 27 13 425 189 691 140 139 135 4 140 4 140 4 139 135 4 95 13 1058 77 5
6 18 5
872 6 36 384 215 4 77 5
47 389 5 621 1173 23 318 258 653 5
701 642 5 30 5 6 691 173 258 14 97 484 13 628 31 25 528 5
29 4 44 41 51 12 13 554 143 306 12 376 31 13 1216 5
53 307 4 28 63 8 162 9
89 4 296 4 6 27 751 12 191 270 4 15 371 226 5
89 372 4 6 137 37 11 890 235 4 6 137 37 11 730 235 4 6 137 37 13 150 4 620 4 994 235 4 16 15 193 677 191 205 1299 4 738 14 6 137 222 48 1347 67 16 121 315 19 10 315 19 824 554 10
118 81 910 23 32 41 1041 215 5 50 199 465 15 4 69 70 174 41 61 547 5
30 4 69 4 69 5 157 61 11 1370 5
252 5 357 5 177 63 8 9
214 8 39 1177 19 13 1246 753 5
30 4 178 15 4 6 166 126 15 390 5
20 4 163 5 798 95 789 4 69 4 44 22 41 51 5
89 4 113 44 84 5 153 22 14 5 5 5 5
214 8 10 172 28 6 244 396 5
268 5
80 136 154 282 5
568 163 5 1170 72 86 9
1066 46 14 5
6 18 14 10
43 49 6 36 4 73 371 247 12 19 59 1088 963 703 5
53 4 98 8 103 4 98 8 45 179 419 9
30 5 161 10 171 23 109 52 131 5 192 8 58 201 9 192 8 58 9
740 10
30 4 118 4 8 117 262 11 2834 31 2232 1749 5
2946 557 5
47 4 353 4 353 2793 94 4 38 467 12 27 13 784 767 381 330 11 801 923 5
850 4 106 16 6 70 240 1317 4 16 94 4 15 79 2798 970 16 81 557 4 801 923 2930 4 6 2572 438 1191 858 5
1023 862 11 908 2590 4 212 11 140 5
6 359 11 381 5
148 7 18 28 4 6 65 38 167 245 13 381 5 6 66 102 33 4 95 132 716 466 5
1166 10 10
30 5 474 571 15 31 5
47 4 123 71 38 22 2126 67 5
30 4 555 45 106 16 6 63 1317 5 30 4 52 94 4 6 1655 154 52 14 384 6 61 12 222 154 5 149 5
207 5
128 57 195 247 4 229 79 527 1708 237 216 6 27 12 2375 164 5
928 67 5
30 5
30 4 207 8 18 28 138 162 57 9
30 4 1092 41 873 15 4 16 8 16 6 63 41 2839 5
207 4 6 187 8 197 8 18 28 138 162 9
681 5
1981 10 10 426 12 358 10
2521 507 10
141 33 96 10 474 51 10 141 33 4 95 485 145 5
40 95 32 4 95 485 5
161 4 28 9
1677 28 9 153 485 145 5
6 1320 14 10
128 57 4 102 33 96 4 449 51 10 1485 862 4 16 70 2178 62 26 104 5 975 10 10 2785 10 10 1053 10
685 4 207 4 762 10
836 11 2895 10
860 52 1387 10
148 7 18 28 4 178 185 4 194 8 1340 2809 67 4 56 6 27 5
2231 1165 10 10
40 10 228 4 44 32 41 51 400 21 46 8 164 4 69 5 190 408 6 117 2037 97 8 166 2583 15 33 11 828 858 4 11 1611 4 152 11 870 14 8 187 8 70 257 2498 5 474 22 160 21 4 878 862 16 95 2754 5
148 7 18 28 9 157 65 662 245 5
263 11 1500 424 21 10
407 355 16 456 2373 8 12 11 820 12 61 48 858 1957 4 6 1436 294 11 1858 16 1374 15 62 5
40 95 32 10 50 68 15 4 138 41 27 12 895 15 10
141 33 207 4 449 51 10 141 33 4 95 104 12 61 813 4 2671 67 5 149 4 244 48 517 31 11 381 5
128 57 113 4 83 6 126 180 62 26 11 775 170 8 37 629 12 2131 9
128 57 4 8 22 191 280 14 180 2625 11 2491 4 157 126 234 26 11 598 5
681 10
448 10 448 10 10 2664 212 13 299 10 2071 130 71 58 14 1723 4 36 130 9
43 9 10 6 22 1101 99 16 55 306 116 5
975 12 2031 10 315 11 2516 4 106 23 250 10
343 52 1713 10 165 166 8 22 832 15 4 70 908 151 44 318 258 8 5
20 4 28 13 119 2370 4 1663 10 128 57 4 92 7 18 28 4 157 1646 15 12 8 4 69 5 157 2657 8 149 39 118 4 16 157 193 895 11 381 5
20 4 87 571 15 33 10 20 4 1342 26 645 48 605 8 411 442 12 13 1009 26 1094 5
141 33 202 4 102 33 5 474 58 542 15 45 12 37 33 13 908 2726 39 13 579 5
128 57 87 5
368 38 331 767 152 28 9 141 33 8 1488 2826 5
144 27 12 36 21 5 144 63 331 39 535 986 5 30 4 22 65 59 353 1072 303 14 8 232 114 4 69 4 353 147 143 2504 33 11 750 481 138 452 62 5 5 5
141 33 4 69 4 102 33 21 23 39 82 2458 5 474 551 94 10
128 57 4 38 193 27 13 288 16 13 457 12 51 4 16 70 145 212 188 859 5 538 859 5 5 5 5 207 8 36 13 2547 164 5 118 4 8 51 308 5
409 4 484 13 631 5
128 57 118 4 8 636 953 4 157 2604 15 12 8 4 8 550 15 145 611 12 207 5 128 57 5 681 5
2602 10 1652 10 1053 10
40 10 44 32 69 10
141 33 10 141 33 10 1512 10 622 775 62 26 104 10 928 67 10
128 57 4 207 61 597 5 118 4 51 308 5
681 10
523 51 10 44 13 824 112 269 10 10
374 10 10
523 51 10
40 10
6 71 18 5 6 316 11 198 195 22 71 234 341 5
523 51 10
