6 7 41 1187 10 6 7 120 151 1102 1986 307 4
54 5 65 5 65 5 14 4 4 14 7 15 117 258 4 100 7 15 33 721 14 4 6 539 4
38 5 112 5 23 12 816 352 63 213 4 349 2456 746 137 17 2015 12 551 4 222 5 506 5 6 18 24 1131 5 24 21 5 1438 494 7 15 1131 10 201 21 58 5 32 4 203 5 58 7 15 61 5 588 7 31 58 9
435 63 67 10 6 165 24 128 4 48 5 6 35 43 2941 13 472 8 7 53 110 37 22 526 10
108 5 93 307 6 49 5 250 1219 217 148 13 44 589 70 9 6 7 41 153 46 49 4
2089 494 21 43 134 4
2249 1426 1689 4
143 243 400 2321 720 208 5 8 126 4
1565 4
140 5 36 8 276 118 37 83 102 2279 7 2784 9
42 5 26 23 454 13 49 13 2975 25 1678 180 8 488 446 4 6 62 5 82 34 8 49 13 12 720 2921 760 323 12 446 9 286 4 4 4 122 13 12 1012 5 122 13 11 4 4 4 1333 4
2734 5 6 79 7 31 18 5 125 79 7 31 8 1870 14 4
38 5 26 7 53 46 4 4 4 26 7 53 46 56 174 753 4
42 5 6 96 132 144 1447 5 59 11 2751 52 258 13 56 205 16 2158 4
38 5 108 4
108 5 98 5 24 588 7 31 11 175 123 247 7 15 206 115 13 19 47 24 5 59 5 6 79 7 31 18 4 4 4 6 284 514 1356 47 14 5 50 4 4 4 2167 4 4 4 7 6 7 41 23 12 2669 2747 5 7 122 5 7 365 7 303 5 14 7 15 2039 1021 4 7
48 4
2043 4 4 4 4 95 5 234 6 7 41 309 534 5 59 6 4 4 4 6 331 64 1191 4
38 4 4 4 6 5 755 4 4 4 6 36 12 4 4 4 6 36 12 305 4
967 5 65 5 6 7 41 33 594 63 83 4 6 7 41 4 4 6 7 41 33 2556 83 304 4
30 7 15 11 436 9
30 5 588 7 31 58 2586 9
518 5 108 4
335 4 29 191 472 115 338 9
6 586 13 470 12 2581 11 158 131 5 17 6 7 41 66 1291 7 184 11 1170 59 982 74 52 65 2149 1769 471 1205 2308 28 11 2169 4
399 4 4 4 4 4 1677 1229 494 4
100 7 15 33 16 187 4
374 14 35 23 11 253 25 1330 180 8 36 13 44 74 4
6 5 108 4 4 4 4
1810 4
399 4
30 34 8 62 9
353 6 56 8 115 161 11 1077 9
359 4 4 4 72 8 76 13 446 5 14 7 15 108 37 19 5 6 7 120 64 13 56 277 13 14 4
69 11 839 243 66 28 22 3000 4 4 4
48 4
201 142 485 7 9
30 7 15 127 27 5 21 4 4 4 81 5 494 766 221 9
20 99 5 225 103 1209 21 2442 4
211 5 55 6 230 13 8 12 185 9
167 21 71 258 39 19 13 121 4
20 5 65 5 65 5 14 7 15 47 8 4
6 75 8 370 36 12 766 449 4
176 5 6 189 23 33 567 444 13 44 28 12 2417 527 45 93 5 108 9
42 5 1177 5 6 398 26 55 44 322 4
108 4
30 354 9
2125 4
69 82 87 325 49 9
42 5 26 7 120 178 49 4
20 5 45 4 256 5 6 7 120 64 174 918 4 100 7 15 47 179 4
188 158 179 4
143 7 53 81 5 26 7 53 297 341 4
464 5 26 7 215 50 8 13 109 5 59 26 439 685 72 8 79 7 31 76 13 4
176 6 23 197 16 4 4 4
228 40 2179 645 28 16 2447 9
1469 179 13 49 9
513 4
388 76 19 13 34 14 5 427 21 71 279 5 679 177 6 7 120 151 2396 307 5 17 6 71 148 11 371 5 17 24 588 7 31 12 449 39 8 5 21 14 9
214 8 71 33 127 9
388 165 332 158 5 17 124 191 1476 16 165 37 11 204 16 52 442 37 144 4
60 5 6 197 8 97 137 24 4
106 7 15 134 10
394 12 185 74 6 197 8 97 234 2098 7 13 1461 115 4
106 7 15 134 4 89 45 5 6 178 56 13 213 5 6 64 12 139 1084 2358 13 2926 4
20 5 112 4
20 5 456 4 6 1195 7 31 81 4 4 4
256 5 65 5 2103 4 564 25 22 1501 759 27 11 1020 525 392 4
133 5 91 1019 32 9
20 581 5 60 4
129 9 100 7 15 33 50 6 7 41 1324 104 1839 27 144 4
89 45 5 8 10
413 5 928 4
696 4 133 5 325 4 6 75 26 7 53 671 156 11 459 4
29 7 53 153 46 347 19 5 45 9 286 115 12 104 605 1250 4
288 493 385 24 1574 13 121 124 744 7 31 473 4
6 62 5 6 521 124 97 323 1314 37 24 266 113 5 59 124 7 53 22 493 4 388 7 53 372 13 308 19 251 17 325 4
78 94 737 17 6 64 28 24 139 362 163 6 206 162 26 147 173 156 11 459 5 17 73 206 26 744 7 31 136 14 39 144 5 26 97 136 14 39 179 5 17 72 6 1195 7 31 84 16 5 94 162 26 147 173 156 11 459 4 6 79 7 31 18 32 13 34 4
29 34 9
695 445 6 34 4
237 8 4
901 8 98 63 144 9
149 8 423 7 9
29 87 12 86 113 392 4
29 191 673 9
135 27 4 6 7 116 166 8 2105 4
133 5 427 68 25 179 34 8 75 21 46 44 11 175 68 13 56 341 9
559 102 1090 58 7 215 957 40 821 5 17 5 17 102 8 64 14 110 74 7 215 44 104 1335 1799 28 14 4
48 5 233 5 857 14 66 5 248 32 6 64 4
42 5 74 7 15 24 5 81 5 1107 1835 28 1070 4 349 4 43 6 1163 6 7 215 49 17 94 1085 146 13 11 1333 17 484 1992 4
48 5 2404 191 34 39 244 9
42 26 141 23 377 28 17 1137 39 2485 4
1103 638 5 14 7 15 471 4
295 7 15 56 66 25 61 4
108 5 26 7 116 23 415 5 17 102 26 2268 80 27 11 2453 5 73 467 7 31 18 14 7 15 19 7 212 26 7 120 151 791 4
756 5 24 21 14 5 24 21 82 26 7 53 46 2134 4 2291 9
6 55 7 31 257 164 7 15 323 996 37 103 1854 4 30 2500 5 32 21 73 50 4
38 4
78 73 7 15 33 461 9
229 5 17 6 62 5 58 7 15 127 66 37 80 9 203 55 33 1738 24 4
976 10
42 5 6 248 6 7 41 46 173 11 622 835 17 447 13 315 66 180 58 21 4
78 94 58 218 19 58 96 368 251 37 19 5 17 58 172 7 31 4
167 21 43 2588 5 6 469 7 31 877 22 1335 28 618 12 627 4
543 4
6 409 1384 4
453 19 4
211 5 21 40 312 195 9
195 809 9
6 7 41 1269 607 4 2455 642 5 2223 5 6 277 13 2506 184 12 487 25 787 1505 50 12 1156 4
100 7 15 193 13 84 8 7 53 33 153 441 16 3013 1962 37 67 11 104 2706 27 14 4
559 11 1848 240 9 29 5 8 2753 70 22 1198 17 11 1014 2646 572 22 1196 4
29 55 107 80 6 75 80 387 21 575 4
108 5 95 94 91 35 11 551 16 64 645 1653 9
20 16 7 15 19 5 6 178 49 4
256 5 43 477 5 82 725 561 189 6 46 36 13 498 8 27 11 654 307 8 547 19 27 12 305 4
6 7 116 44 74 5 17 91 414 5 72 269 49 95 5 162 24 123 6 7 116 56 13 84 40 656 4
38 5 925 8 1275 70 37 12 1670 25 2596 4
1431 12 1776 32 9
20 5 108 5 6 79 7 31 438 2053 4
42 8 18 5 8 1831 5 8 438 144 17 8 55 107 4
108 5 94 5 438 19 5 6 7 41 534 4
30 87 8 121 9
20 5 985 5 26 178 49 5 64 12 1375 28 207 576 4
209 169 5 61 7 15 194 481 5 36 8 276 1052 729 7 15 656 9
42 6 35 298 14 96 44 169 5 253 25 1339 72 8 1657 431 208 5 63 244 4
735 142 9
149 8 423 74 2551 9
149 109 67 6 55 75 47 21 1324 16 2054 28 22 1278 17 1923 8 67 137 9
6 76 8 45 61 5 45 93 4
1710 19 28 11 757 4
365 7 303 4
198 838 5 166 7 15 84 280 629 4
395 4 395 4 209 142 18 32 96 44 225 2470 9
359 8 172 7 31 36 40 790 2715 205 144 4
198 4 232 6 96 50 13 84 8 441 422 59 144 4 727 40 1003 156 4
365 7 303 975 5 975 4
198 5 739 184 4 988 13 84 8 161 608 4
20 5 247 7 15 118 136 103 1479 25 1256 1048 4
167 21 39 11 1785 642 4
2660 6 62 4 2021 62 5 2206 6 62 9 6 62 1196 5 838 5 16 7 15 32 6 62 4
288 1198 5 8 2003 5 345 1213 4 6 35 1269 2771 7 960 6 35 207 4
42 169 5 125 79 7 31 8 173 19 28 207 343 17 107 19 72 8 7 53 153 1033 47 24 4
6 7 41 85 16 6 2283 40 2266
1860 9
195 9 30 7 53 8 153 423 7 61 5 6 384 8 126 556 156 4
214 8 281 28 74 9
255 5 8 81 5 8 284 404 629 9
150 5 230 47 40 187 356 5 6 62 5 11 175 123 8 447 629 17 236 2599 156 37 40 1003 4
42 5 166 19 84 4
30 9 295 19 84 4
88 2767 4
353 7 31 346 8 5 6 7 41 33 441 210 4
20 5 6 7 41 1091 7 1325 161 11 128 28 11 369 2244 1887 4
88 4
38 4 20 5 751 68 25 11 1661 27 22 2522 21 666 4 48 5 195 5 55 6 957 40 1784 9
42 5 24 67 367 86 4
78 72 6 76 13 173 39 12 2924 27 40 190 260 9
198 5 333 84 72 8 7 53 177 86 28 389 177 8 52 27 443 4 1616 19 12 1207 4
54 5 23 12 1207 196 44 235 4
232 5 6 76 8 13 107 19 32 8 7 53 136 1236 8 7 53 136 14 4
513 4 228 14 1058 9
706 7 31 5 6 50 14 1058 4
69 5 81 5 32 52 8 127 13 34 267 9
214 124 5 81 5 2537 9
29 182 124 469 7 31 499 187 9 29 7 53 182 124 7 53 33 199 5 199 187 9
29 46 2949 144 70 482 193 9
2879 4
48 5 8 1759 7 262 9
69 5 34 8 36 210 158 2031 9
140 5 72 8 76 5 6 55 1175 8 174 371 4
54 65 5 65 65 5 14 7 15 33 2203 5 33 39 12 2620 4
911 5 168 16 21 3021 4 100 569 36 1561 8 1006 12 1202 1523 4
88 2934 4
42 1025 5 26 36 12 484 39 8 4 143 7 53 2906 40 285 205 12 1730 4
3047 5 26 670 47 16 59 40 847 268 43 725 1881 3032 17 1629 17 2867 1991 5 95 26 172 7 31 76 13 1554 144 4
20 5 2557 98 5 74 7 15 16 391 965 2432 16 2232 8 70 4
1592 430 4 69 5 87 124 1175 8 11 371 363 9
365 7 303 140 5 34 14 4 48 5 8 126 5 169 5 140 268 174 918 4
129 9
302 8 49 4 69 73 2041 205 80 2334 5 16 7 15 32 14 7 15 74 39 4 227 7 15 46 44 235 5 17 72 8 148 12 104 682 5 8 18 180 13 315 14 4
426 8 49 5 8 55 347 19 110 1218 8 50 4
38 5 112 6 62 5 8 56 40 371 17 8 592 12 104 115 5 32 7 15 259 37 16 9
48 5 383 5 32 21 24 9
48 140 5 32 7 15 27 24 1048 625 9
108 5 6 35 259 5 16 7 15 32 124 277 13 1168 1645 4
604 12 2523 25 140 4 201 7 15 140 4
2520 282 731 140 4
326 5 43 82 725 2357 52 234 27 8 9
326 5 43 34 8 5 2494 4
30 9
1112 1173 4
100 21 156 4
20 22 99 5 98 74 7 15 2889 2139 4
203 7 116 44 61 108 5 155 12 1713 2640 4
6 55 7 31 49 13 22 687 1354 760 12 305 5 6 55 7 31 5 14 7 15 117 429 4
188 678 5 11 678 4
1403 37 83 4
6 370 33 18 210 25 40 2113 2473 59 6 7 41 65 2991 27 11 673 780 4
42 124 97 2419 2929 4 388 151 96 36 1680 28 11 1221 4
48 8 4
69 5 81 5 82 35 40 352 9
48 279 5 431 117 4
108 4
365 7 303 5 6 7 41 33 475 14 35 12 187 1186 5 6 7 41 23 475 5 8 18 5 14 35 12 104 4 4 4 258 13 2392 4
140 4
272 5 6 7 41 23 959 4
140 4
140 4
383 4
6 7 41 85 4 20 99 5 6 7 41 85 5 14 7 15 23 16 102 8 956 40 726 146 13 22 515 5 14 35 50 418 5 60 7 15 726 52 27 22 515 4 376 4
42 14 7 15 33 5 160 6 7 41 85 5 6 248 6 7 41 23 587 4 6 62 5 14 7 15 8 5 142 18 5 14 7 15 179 4 6 62 5 26 7 53 2315 16 530 5 674 25 12 139 113 4
108 4
6 18 5 6 18 5 6 18 5 6 18 4 6 35 23 298 47 102 124 97 74 11 190 123 5 6 7 41 85 4 6 7 41 85 5 6 7 41 85 4 108 5 108 5 98 5 418 5 6 501 5 6 7 41 86 5 6 7 41 33 46 2999 304 4 108 186 40 726 110 74 4
289 68 2695 4
198 5 23 186 40 726 66 17 6 7 116 110 70 205 144 4
365 7 303 498 14 4
20 5 109 27 852 14 4
2614 14 4
30 7 53 8 423 7 61 9 1577 7 31 8 372 13 44 66 37 152 9
69 82 7 215 14 49 9
227 2413 63 8 9
48 4
108 5 477 5 6 7 41 85 47 190 131 17 6 71 76 13 132 14 70 13 8 4
42 5 6 35 298 162 12 169 5 12 2637 244 37 169 5 743 17 720 17 94 81 5 162 127 110 13 22 283 39 169 5 1053 4
88 8 126 4
48 4
2628 4
882 2834 897 13 223 402 4
29 7 53 33 11 252 68 91 268 12 305 208 4
54 68 4
696 4
198 5 59 6 7 41 199 1187 47 24 108 5 43 8 178 501 8 467 7 31 56 67 1424 17 2239 4
100 7 15 669 2720 4
42 39 40 2205 58 628 13 44 68 25 11 1736 5 541 1154 5 1898 841 6 7 120 276 118 37 4
20 99 5 711 4
6 18 4
42 162 58 35 587 4
100 7 15 108 5 14 7 15 235 4
20 5 6 7 41 46 486 280 126 4
20 4
38 95 5 8 18 32 5 43 21 81 5 2067 7 15 4
54 5 8 18 32 5 14 7 15 429 5 325 7 15 46 44 1764 4 129 79 7 31 26 23 34 14 451 131 9
143 467 7 31 9
30 21 24 9 30 52 26 136 9
2665 4
20 5 99 4
229 5 43 32 52 26 380 63 9
249 9
20 14 7 15 108 4 29 97 721 11 105 5 17 6 79 7 31 23 62 208 4
229 5 171 99 4 20 5 160 5 171 16 7 15 108 4
20 5 265 99 4
88 8 4 6 55 7 31 257 6 7 41 2925 70 267 13 8 4
30 9
2009 4
188 2337 4 29 842 1151 8 186 4 29 842 17 8 186 4
42 79 7 31 8 84 82 1094 16 21 9 6 62 16 7 15 50 8 1794 22 1034 4 29 277 22 1034 9
1018 21 11 2838 68 10 20 99 4 353 471 5 2066 1611 4
407 532 21 532 4 100 7 15 1741 4
48 4
395 5 98 63 8 620 1977 4 30 7 15 11 1317 9
216 5 59 8 55 33 107 60 7 212 6 76 13 484 83 4
150 5 16 7 15 651 4 30 72 80 312 35 366 1623 2511 9
42 5 58 7 15 22 493 7 373 387 5 58 268 13 44 74 4
227 7 15 339 33 225 199 254 5 23 540 444 43 16 325 21 153 1517 70 4
6 18 5 24 21 12 134 402 4
48 4
335 4 29 76 14 9
38 5 6 7 41 886 7 13 12 710 283 4 29 147 545 155 24 68 4
365 7 303 5 14 7 15 22 450 4
20 321 5 6 572 11 145 8 97 959 66 103 1817 4 29 76 14 4
42 14 1027 7 31 486 8 13 121 14 466 28 12 1236 4
30 9
543 5 418 5 418 4 6 79 7 31 148 12 512 719 5 108 9 6 55 1118 13 410 61 159 953 4 425 18 5 6 370 36 13 502 28 247 466 12 667 13 1430 11 2250 4
176 5 8 18 32 9 359 24 21 11 145 8 264 5 94 162 8 147 155 14 4
42 94 162 8 147 155 14 4
413 37 19 4
249 9 29 79 7 31 121 5 163 431 35 842 27 159 2780 4
48 4
38 19 117 4
38 4 69 34 26 148 13 1026 61 122 4 4 4
69 6 64 142 115 4
1654 251 22 168 4
30 9
963 5 6 62 32 5 32 7 15 24 47 40 355 283 9
42 6 172 7 31 75 16 35 829 4 425 18 6 197 16 35 23 12 362 4
42 5 74 8 49 4
48 5 65 5 6 7 120 151 118 1705 122 2265 4 6 7 116 44 235 4 6 7 116 23 739 40 5 81 5 2059 205 12 406 285 122 823 7 5 8 18 5 186 11 951 525 28 74 4
6 87 347 39 437 25 14 4
198 6 7 116 107 8 32 5 6 7 116 240 8 39 14 4
599 104 841 52 46 56 2809 27 224 561 351 40 526 4
48 5 1212 179 174 904 4
882 1304 7 13 40 841 4
2916 4
38 5 91 7 15 46 438 67 223 897 5 17 900 70 223 408 1226 5 17 1601 21 16 22 1265 9 30 11 430 8 423 7 37 22 1265 9
69 5 755 5 468 5 8 76 19 13 81 5 308 8 12 580 37 11 951 525 9
335 4
38 5 45 5 112 5 6 248 43 4
42 5 6 7 41 1632 81 5 208 63 11 340 391 4
54 4
1704 4
106 7 15 45 5 6 36 12 1408 61 4
38 4
6 7 41 85 5 22 863 35 5 35 28 40 1598 4 232 6 23 36 13 56 11 340 66 25 16 128 7 15 538 17 6 7 116 44 110 28 11 1206 159 342 4
1958 146 5 6 7 41 939 1217 4
30 7 15 485 7 27 9
42 5 8 7 53 33 1924 5 8 7 53 495 2441 93 4
89 1248 4
6 398 8 2591 40 350 66 25 11 2123 4
2619 70 4
293 5 24 21 11 2246 25 11 659 4 6 121 284 270 144 497 4 89 11 123 5 497 4 908 4 908 2339 5 368 50 11 675 4
29 71 75 58 7 215 155 19 9 6 62 5 26 114 12 254 86 230 190 131 59 5 102 6 956 66 5 6 412 83 187 4
54 5 74 21 65 145 58 35 12 994 4 54 700 5 98 63 11 2132 2852 5 108 4 359 2576 35 12 994 5 58 96 36 2707 11 2600 4 38 5 112 4 20 5 97 8 1969 7 12 2789 9
20 2241 5 20 105 5 700 55 8 643 27 9 106 7 15 11 158 530 4 411 4 20 112 73 7 15 61 59 81 5 55 73 173 8 110 9 108 456 4 2498 762 4 88 4
327 8 84 19 761 68 146 9
42 5 73 7 116 173 110 5 79 7 31 44 609 12 557 4
176 5 8 191 56 156 22 110 9
245 329 27 700 5 329 27 4 411 4 88 5 112 65 5 73 7 15 45 61 4 256 329 27 4 88 700 5 55 6 173 8 110 9 106 7 15 81 5 16 7 15 22 526 7 15 393 4
108 4
38 5 112 58 21 4
42 32 7 15 11 789 9 599 825 2063 7 31 61 304 5 52 124 9 29 556 40 825 17 8 202 4 29 71 1135 19 13 151 315 355 825 9
901 8 126 328 4
3017 5 171 5 539 14 4
42 5 140 1737 2195 7 11 2410 4
232 6 7 41 1243 28 24 104 240 9 198 98 5 6 1906 13 56 1235 205 24 50 5 606 104 690 1775 113 108 4 69 6 7 41 46 49 17 155 12 193 440 369 2120 3041 163 8 345 52 1176 19 461 4
42 5 6 248 26 141 2171 782 4
334 5 299 5 108 4 198 5 701 5 383 5 383 5 8 7 120 499 2327 221 5 701 4
129 5 125 5 125 55 7 31 8 570 19 317 61 9 6 79 7 31 5 6 5 26 7 53 23 5 142 18 5 26 7 53 23 2631 7 287 4
38 5 827 7 303 6 62 6 384 5 8 18 5 6 197 26 7 53 23 2187 7 184 4 624 102 5 81 5 102 26 97 345 4
29 574 19 102 26 97 345 9
129 87 8 409 19 9
78 16 535 7 31 287 39 8 9
6 55 7 31 257 8 574 19 4
249 9
6 55 34 16 4
69 8 191 593 81 5 1615 782 9
30 9
42 5 108 5 11 1303 835 2282 137 24 1116 25 443 39 19 13 891 5 475 16 14 7 15 108 39 236 217 13 2240 39 19 4 106 35 22 175 1674 4
42 5 6 55 7 31 213 37 204 91 96 34 24 4
140 4
29 7 53 1050 33 496 2215 1814 4
42 5 6 56 11 796 2697 39 2297 11 1980 2188 4 396 2883 17 6 49 13 2264 13 936 223 158 2062 5 1701 4 78 16 7 15 180 6 315 11 611 7 15 1289 2437 4 100 7 15 71 139 59 14 7 15 2184 4
99 16 21 86 990 4
54 4 167 406 21 1605 4 3043 1379 126 944 63 11 2428 159 12 1256 1077 5 2217 13 240 2018 1239 4 326 5 581 5 3040 2710 4
129 79 7 31 8 240 37 40 512 9
211 171 5 872 5 52 26 33 297 610 37 11 355 417 9
374 16 7 15 163 8 469 7 31 1106 11 123 13 56 13 18 83 4 295 7 15 2840 16 5 799 26 9
20 86 5 311 4 20 972 5 6 36 13 49 163 6 7 41 429 39 22 169 5 869 1849 17 2858 2869 2146 4 256 208 14 7 15 125 58 96 33 438 144 27 12 1603 4 1184 287 843 4
6 18 5 112 4 133 5 230 13 83 4
106 7 15 86 5 16 7 15 86 4 69 5 43 5 43 91 458 70 37 91 9
106 7 15 86 168 5 102 533 414 16 11 81 5 11 2873 25 3048 21 81 4 4 4
88 4
6 7 41 380 39 2832 2583 4
335 4
6 7 41 1421 4
6 1732 159 16 171 16 58 218 8 47 19 4
203 7 15 253 25 2310 296 9
349 104 32 9
1888 4
399 4
20 321 4 106 1827 113 35 1146 12 527 4 89 14 71 35 35 23 5 142 18 5 1391 787 517 4 133 5 142 18 5 16 1142 2278 157 262 28 22 294 4
106 7 15 199 529 5 142 18 5 7 212 16 7 15 703 32 236 91 416 37 80 96 121 4
201 7 15 836 9
288 596 5 836 4
20 5 24 21 5 24 21 856 4 6 62 5 175 8 419 37 22 2101 94 8 1536 22 2121 159 2967 47 14 17 94 8 486 22 596 5 22 836 9
211 5 28 11 1337 5 72 6 141 84 11 812 2624 4 4 4
129 9
129 96 8 486 103 596 9
198 4
20 827 7 303 164 5 26 424 47 8 4
291 5 85 47 40 1971 5 16 71 749 4
256 5 6 2674 66 40 2661 2370 43 8 467 7 31 56 2700 4 30 9 776 19 16 7 15 193 4
54 5 6 79 7 31 4 100 7 15 50 5 142 18 5 8 213 40 266 330 39 823 7 17 8 75 16 102 8 56 14 14 7 15 151 46 44 177 86 177 8 197 14 96 44 4 209 24 43 35 4 425 18 5 14 705 325 4 624 11 158 352 5 6 64 24 1747 2535 1742 5 17 6 35 2514 1641 4 255 9 6 7 120 151 118 2837 39 357 28 22 330 4
54 5 16 830 1884 13 19 4
1808 2808 5 23 514 468 4
211 5 182 5 125 33 4
6 64 12 104 484 5 98 4 302 7 15 12 355 2544 4 6 1127 83 81 5 195 5 8 18 5 241 5 241 8 4
30 7 15 8 633 168 9
6 704 16 4
48 4 2251 5 98 63 8 5 578 64 16 123 463 2035 7 296 9
349 1155 9
150 5 39 12 128 91 7 15 2694 742 103 260 5 8 7 53 28 194 2664 86 1238 4
2408 9 2887 9
20 531 4 20 17 5 11 520 47 82 124 7 53 284 50 766 161 66 1061 25 2826 2367 5 59 99 1580 26 147 155 12 2802 4
706 7 31 2030 47 14 309 4 1161 454 4
164 5 98 63 19 5 98 63 19 4 273 6 36 774 27 22 2804 9
176 160 5 204 56 1306 202 17 45 28 24 577 4 6 309 64 8 194 490 2797 949 4
29 7 53 754 4
1161 665 5 1453 37 468 4
164 5 6 7 41 46 107 8 11 336 113 6 218 1793 1700 17 103 2025 25 2085 4 727 210 260 8 55 56 17 79 7 31 132 27 11 780 4
29 7 53 45 5 6 79 7 31 36 13 1520 4 376 4 2320 10
6 5 6 79 7 31 18 5 14 7 15 64 67 24 181 47 675 17 2855 17 74 7 15 174 253 25 2356 1061 28 14 4 6 62 5 6 79 7 31 71 56 14 59 73 7 15 5 73 7 15 254 1033 47 14 4
30 5 32 7 15 16 9
2398 14 5 471 28 4
543 4
211 164 5 16 7 15 23 11 2344 1656 1264 5 16 7 15 40 804 1264 4
30 5 418 5 418 5 617 63 2075 2090 9
42 6 248 8 55 432 159 1443 12 375 2497 949 4
106 490 4
164 5 8 786 617 63 6 2001 2678 4
69 768 14 70 168 5 14 7 15 12 260 5 14 7 15 371 4
2439 443 9
176 5 6 7 41 33 317 210 25 280 269 5 311 5 6 7 41 23 317 2324 4
6 189 40 387 4
209 6 79 7 31 18 14 4 30 6 34 18 21 16 8 786 617 63 1721 7 31 14 2729 4
133 5 95 94 56 174 1260 4 6 62 14 556 8 32 5 207 343 13 56 16 260 5 91 414 82 440 14 7 15 46 44 960 8 56 451 4
255 5 6 7 41 23 475 4 4 4
425 18 5 162 5 162 6 147 23 49 4
133 4 6 7 116 84 142 849 4 289 75 47 14 5 311 4
106 7 15 12 1506 4 167 68 545 571 28 11 2546 4
2880 9 29 311 168 9
20 5 16 7 15 117 187 4 149 7 215 124 34 14 9
106 749 4 6 35 2961 28 194 2702 4
54 346 2301 2605 4
453 19 5 16 7 15 207 1214 4
970 171 492 4
106 7 15 134 4
133 5 477 5 456 39 473 28 4
564 728 9 29 52 609 12 1563 2472 4
20 22 99 5 32 7 15 485 7 27 9
54 98 6 535 7 7 31 45 5 16 7 15 32 6 712 61 13 107 8 4 6 35 439 1323 70 27 5 27 22 687 181 4 291 5 6 7 41 236 91 1587 11 266 1985 113 5 142 18 4 776 18 703 180 22 267 2575 21 473 161 470 8 5 8 79 7 31 148 16 17 16 7 15 778 13 19 4 6 141 151 34 32 8 34 164 4
38 4 78 8 147 329 66 39 115 710 4 6 55 7 31 107 8 82 157 2261 6 36 39 8 33 127 13 16 522 375 1448 490 4
537 5 82 87 14 49 9
239 39 8 4
29 7 53 1807 7 11 979 4
89 45 94 4
30 9
2732 9 29 650 617 492 27 12 2554 1582 9
6 7 116 155 14 4 288 913 13 8 168 4
6 5 6 7 41 85 5 6 81 6 309 36 12 512 4
42 6 5 6 75 26 7 215 462 115 50 16 4
42 16 7 15 81 5 16 7 15 12 86 633 4 256 311 5 95 5 81 5 6 248 6 64 11 259 402 94 4 6 5 6 7 41 5 98 5 6 7 41 5 142 18 5 6 7 41 85 5 6 7 41 2406 85 4
293 142 4 2207 8 2892 1217 1584 4 69 8 76 19 13 346 8 2850 40 181 9
1104 319 168 4
613 4
48 98 5 52 26 46 36 13 502 24 66 2380 123 60 1063 137 9
6 7 41 46 329 83 12 457 145 4 176 6 79 7 31 685 5 72 8 574 14 43 157 5 125 87 8 470 14 28 11 175 283 9
30 9
365 7 303 5 491 648 803 12 508 5 2841 287 4
395 5 8 618 114 14 4
411
88 160 4
30 9
29 55 593 223 625 72 8 76 4
663 5 58 21 297 833 27 11 379 113 4 203 55 7 31 1006 121 1693 363 5 59 466 58 206 1935 4
537 4 106 96 44 235 4
20 966 5 16 96 36 118 287 4
38 5 12 242 6 243 13 806 37 23 3007 11 175 2647 2302 146 74 4
1562 6 262 49 307 1243 2940 2877 4
143 165 8 4 1340 4
60 4
149 109 669 367 43 157 2573 37 68 25 306 351 19 9
435 50 83 5 2329 5 23 33 2650 83 4
20 26 1458 39 14 4 6 64 11 1891 5 58 64 11 1017 4 2585 72 26 495 958 14 5 26 7 215 98 50 1515 4
765 16 1017 452 7 31 195 1770 8 25 2570 2050 9
237 8 4
54 356 296 9
20 5 112 182 5 133 4
211 5 6 7 41 811 278 4
133 4
167 21 82 6 96 329 12 631 4
133 5 6 7 41 85 5 6 7 41 23 33 199 86 37 635 4 6 62 6 469 7 31 118 184 144 5 6 62 5 8 18 5 433 6 35 68 4
249 9
30 9
29 75 47 181 50 16 9
478 5 154 635 9
396 32 7 15 46 454 9
513 4
150 4 150 5 16 7 15 134 4 537 4 133 5 942 5 8 18 32 4
425 18 32 5 6 75 6 7 41 46 49 13 22 285 17 785 1527 5 162 74 7 15 115 1299 28 74 4 2764 32 5 63 566 162 6 55 592 82 13 34 194 63 319 899 2827 37 2602 2888 743 4
6 79 7 31 18 5 8 107 19 4 564 185 6 7 41 811 278 50 12 631 5 11 267 113 6 18 5 6 7 120 64 154 345 5 6 7 41 672 28 2080 1956 47 11 1684 4
60 5 8 36 1867 66 11 267 207 343 25 223 1318 5 26 7 120 118 630 39 865 1227 4
216 5 59 6 5 6 75 47 91 7 15 402 26 7 53 46 419 63 301 131 17 5 17 180 26 7 53 46 36 244 267 892 131 4 6 34 33 75 47 32 223 1242 7 779 52 46 44 4 29 18 32 223 1242 779 52 46 44 4
30 35 11 1125 9
133 5 60 5 60 5 311 477 5 32 26 36 21 778 4
209 6 34 33 76 13 36 325 2992 39 19 4 6 650 22 266 330 50 16 4 100 7 15 32 6 114 37 460 5 16 35 68 25 11 1223 6 202 4 6 5 6 50 33 884 45 93 17 6 7 41 85 72 16 946 8 59 72 8 76 13 44 37 19 8 52 46 36 13 378 37 16 4
237 8 4
6 172 7 31 18 16 4
413 5 6 196 4
20 112 4
42 6 165 8 117 4
216 14 21 4
38 5 95 124 768 117 4
133 60 5 23 43 8 18 5 671 14 12 1782 2993 452 7 31 132 24 2051 210 1352 4
100 7 15 179 4
6 7 41 85 5 32 87 8 23 121 9 327 8 23 121 344 9 20 22 99 5 60 5 60 5 278 23 206 7 88 7 4
278 23 206 344 4
2384 5 65 5 22 1364 88 4
30 87 58 121 9
143 7 120 64 12 375 612 1024 4
1327 4
727 424 4
143 7 120 178 49 5 26 7 120 64 16 375 612 4
399 4
399 4
399 4
249 4
890 1147 25 919 5 6 7 215 23 50 13 121 2350 4
326 4
2668 2503 312 9
133 5 43 81 5 91 474 11 190 1261 9
129 9
293 5 172 7 31 6 107 142 306 1258 96 44 12 86 481 9
38 86 356 5 86 356 4
54 65 5 7 212 3037 5 16 96 132 14 1094 4
908 238 368 4
214 8 855 19 9
42 72 58 7 15 33 46 438 14 5 6 196 4
48 1892 7 15 5 6 75 8 7 53 86 13 49 4
30 7 15 11 436 9
38 5 928 8 148 4 48 5 8 191 49 319 9
133 5 456 4 376 5 221
106 21 43 33 22 3051 4
48 382 4 20 233 5 82 7 15 11 508 9
20 5 265 99 4
133 5 43 238 5 93 52 8 46 173 40 563 17 166 83 18 16 103 508 21 311 9
48 382 5 72 8 76 5 6 7 116 34 14 4
100 7 15 12 242 4
831 250 160 4
2527 4 20 22 99 5 32 11 430 354 13 22 508 9
30 52 306 5 1643 9
38 95 5 456 39 875 110 32 7 15 202 25 83 4
149 34 8 18 781 9
38 4 30 9
203 243 66 39 2108 4
42 58 202 879 343 763 43 26 7 53 1596 83 110 210 185 93 4
48 2762 4 48 105 70 4 149 34 8 18 22 563 9
2613 4
54 59 58 172 7 31 71 230 47 357 4
1545 745 4
38 5 58 1503 745 4 564 123 6 35 2989 5 6 35 1183 1800 66 25 22 714 7 15 1156 5 17 81 5 67 25 12 657 6 98 137 17 74 7 15 22 563 7 15 294 2295 1205 11 862 4 203 23 114 24 139 1173 27 103 805 17 58 35 1754 7 212 58 35 284 1368 102 58 35 27 103 745 4
38 4
601 647 4 69 8 7 53 50 22 139 526 4
167 21 1609 5 8 55 470 19 622 4
6 178 387 1127 226 4
861 5 701 4 69 162 5 142 18 5 6 141 308 8 12 173 864 5 26 141 230 122 823 7 4
198 4
133 5 112 4
38 233 5 8 18 72 8 76 6 55 155 8 184 110 17 659 8 180 58 853 103 294 27 11 2300 1900 4
2393 5 82 7 15 14 485 7 9
518 4
2036 4 129 34 26 284 36 13 36 1316 180 8 2070 269 9
38 5 6 1829 4 425 18 5 6 75 620 1316 52 252 287 72 8 7 53 620 27 11 2574 17 6 7 41 23 33 182 26 52 4
198 4 359 8 126 79 7 31 76 14 13 44 1204 5 235 4 29 55 616 210 253 25 364 8 76 4
6 670 13 152 7 15 548 5 647 25 144 55 109 4
286 162 73 452 7 31 1542 181 17 164 23 416 37 80 17 151 385 80 110 4
425 18 5 6 62 24 21 372 13 44 12 2676 1317 4 288 526 7 15 1533 161 806 5 793 197 73 96 4 100 7 15 12 699 2235 13 32 12 282 161 440 1478 96 34 39 12 2811 4
133 5 43 6 248 26 79 7 31 767 80 493 4
129 80 714 9
133 5 61 52 11 450 743 4 201 7 15 11 450 753 9
453 19 9
20 16 7 15 193 4 1932 450 152 5 61 7 15 174 2005 4
30 9 188 476 55 7 31 1789 159 13 84 11 971 27 80 450 9
518 5 8 7 53 323 12 3016 4
88 140 4
42 5 22 1378 5 32 35 16 9
1411 5 16 7 15 134 5 1093 4 6 55 7 31 105 13 472 11 2816 25 14 5 142 18 5 59 6 71 36 13 49 13 11 757 43 4 4 4 48 5 109 37 19 4 38 5 112 5 14 7 116 44 50 26 7 53 2209 1054 5 142 18 5 50 63 12 1569 4 20 5 14 7 116 44 287 5 827 7 303 4
133 5 93 16 40 845 21 1745 28 11 2783 5 171 5 311 26 55 109 110 66 28 11 672 285 4
756 5 531 5 2875 5 169 4 129 221 9
198 8 126 52 156 13 364 479 68 17 8 5 8 52 156 13 364 479 154 198 2386 5 166 7 15 270 14 886 7 5 166 7 270 14 886 4
89 45 4
30 9
129 4
756 5 166 7 15 23 377 1361 25 7 6 7 41 11 128 16 7 15 136 8 971 7 17 8 147 44 311 4
6 7 41 85 4 293 16 7 15 11 86 113 47 22 260 4 89 11 3027 27 22 525 52 309 2772 4
6 169 5 35 1113 298 47 162 4 4 4
89 1366 2713 4 30 12 134 709 13 121 16 39 11 175 123 4
20 65 5 872 5 872 5 87 247 697 13 510 12 1594 9
2955 8 7 120 704 21 699 4
735 8 126 321 447 13 270 14 146 5 26 7 53 677 13 432 12 2126 1666 4
133 5 754 13 11 2248 4
198 5 6 7 41 85 59 306 204 586 19 4 388 213 258 67 667 5 14 7 15 892 131 5 124 2376 13 36 12 104 287 4 348 4
6 5 6 18 4
198 5 140 851 5 6 7 41 46 853 11 2173 4 232 6 7 120 202 22 207 2791 27 11 525 4 78 8 44 182 17 1143 19 16 1066 2309 4
6 75 6 572 152 66 28 11 2598 4
20 5 8 345 42 5 24 21 11 373 364 6 7 120 118 13 28 343 4
237 8 4
2077 367 50 16 181 8 56 102 8 56 12 187 1834 4
133 5 195 5 383 5 74 7 15 252 68 1538 2759 1519 202 4
38 5 59 6 7 41 5 6 7 41 43 157 1716 4 4 4
54 4
133 5 8 55 36 14 4
48 8 126 5 8 196 151 248 91 7 15 473 13 554 511 4
69 105 5 24 128 571 146 39 50 154 343 63 12 123 9
38 5 6 7 120 114 14 4
42 5 6 7 120 151 114 14 5 6 264 43 202 66 4 20 98 10
140 4 4 4 48 383 5 6 36 12 584 4 228 1739 11 2796 168 28 11 266 820 573 122 11 1495 168 28 11 266 820 573 9
30 7 53 8 136 9
214 8 2219 11 550 9
396 5 8 7 53 2778 14 163 4 4 4
29 7 53 254 157 497 16 2761 719 145 4
20 5 95 16 7 15 33 43 461 4
20 5 701 4
663 5 72 14 7 15 1088 5 6 165 8 224 4
20 5 24 774 367 23 134 27 8 4
6 5 6 5 6 7 41 1974 4
395 5 2745 625 4 1383 6 372 13 502 115 117 9
29 7 53 2182 4
29 18 5 6 50 11 145 8 36 1400 2424 24 2565 693 4 293 28 12 625 2454 8 141 1158 2549 734 156 40 123 4
359 14 7 15 33 12 45 954 5 14 21 12 259 954 4
237 8 4
29 7 53 46 34 32 13 22 1934 4
42 5 6 7 41 1373 4 6 197 26 1500 123 4
407 14 7 15 28 12 1544 457 123 1100 351 11 1398 4
54 109 27 4 135 27 107 19 4
135 27 4
54 16 7 15 33 699 4 106 21 33 699 4
38 4
133 4 326 4 564 25 22 269 21 5 6 284 915 22 3031 1145 161 22 1309 1145 4
2843 6 96 23 81 5 6 96 1650 66 4
140 5 2412 70 4 140 4
6 197 25 12 113 4
38 4 6 36 13 419 5 36 13 5 27 24 562 25 11 550 4
286 43 6 96 36 8 257 4
48 109 27 5 8 469 7 31 704 22 405 363 4
133 5 6 36 13 419 27 11 2028 562 163 6 958 70 28 1040 17 2214 11 1755 96 44 27 11 259 562 4
30 5 697 14 10
20 22 99 5 8 98 43 86 10
69 79 7 31 5 6 79 7 31 84 125 26 36 13 49 13 24 113 1177 5 14 7 15 40 1385 7 15 459 4
38 5 95 8 2462 460 5 8 7 215 2897 83 4
604 66 10
42 73 439 385 19 27 14 5 92 4 227 206 5 7 866 14 66 5 56 482 7 5 17 6 87 4
968 10 1103 10 6 62 5 26 7 53 672 28 11 709 4 99 5 14 21 43 193 39 466 13 33 36 13 56 67 1323 70 27 7 201 21 24 127 9 7
164 5 65 830 65 10
48 5 74 4
214 8 67 45 9
2079 5 14 7 15 44 46 92 5 67 45 4 100 7 15 12 459 5 2234 204 1473 27 11 2490 4
89 1482 5 533 98 63 19 4 239 4 89 45 5 101 123 4 1950 17 1659 166 7 15 84 154 1226 5 265 8 4
51 5 86 356
6 7 41 85 4 30 35 6 372 13 34 570 70 17 966 7 48 5 152 5 40 515 21 1474 10 7
231 5 233 98 5 6 462 16 5 14 535 7 31 43 187 4
152 10
1282 95 4
231 10 231 10
20 22 99 5 6 7 41 341 10
6 7 41 2033 4 536 4 460 2271 3038 2496 4
2970 4 20 231 5 8 7 53 153 61 5 63 223 459 5 124 97 2378 70 11 2204 2800 47 93 4
42 81 5 241 8 1263 66 27 40 459 5 460 7 15 493 218 204 16 8 97 674 25 4 4 4 4 902 4
4 4 4 161 11 1182 4
30 5 8 876 11 336 2526 6 55 7 31 510 11 336 1023 4 237 8 5 265 8 199 157 4 464 5 6 993 8 495 12 980 330 275 4 78 152 4 4 4
211 5 6 50 13 5 81 5 13 1246 115 13 16 4 4 4
1740 25 8 79 7 31 18 19 5 6 7 41 152 7 15 393 4
60 5 81 17 81 5 6 7 215 23 50 13 121 16 14 87 155 12 523 25 2716 39 152 13 109 61 208 4 78 5 81 5 39 11 1303 73 87 33 368 66 27 460 163 73 114 1182 4 30 52 8 136 6 7 41 829 4 211 5 11 405 73 2144 66 27 5 27 460 21 1919 16 73 172 7 31 165 83 5 427 2189 1637 66 254 95 39 19 1412 4
78 466 221 73 21 66 25 61 4 51 91 114 342 263 207 9 256 9
1954 5
1112 10
201 21 73 5 201 21 73 9 20 5 233 5 6 36 12 584 5 180 21 73 9
911 5 6 182 680 318 4
29 276 1060 66 32 16 113 7 15 39 9
411 5 6 7 41 380 39 434 4 167 21 2915 4 6 79 7 31 18 72 8 7 53 153 63 24 479 5 59 6 35 23 298 47 179 5 17 82 134 14 35 5 17 5 95 5 6 18 14 7 15 118 292 343 5 59 5 6 35 331 1193 26 141 1275 70 221 4 6 1146 114 31 58 2890 13 132 24 173 5 43 8 18 32 6 87 9
6 64 12 104 1342 4 4 4 17 281 4
434 61 4
20 5 8 18 5 11 984 5 664 1952 5 3014 145 117 157 4 20 5 17 28 2290 8 97 1349 5 280 52 22 795 27 11 355 1313 2049 1773 4
6 18 4
69 5 52 26 46 56 275 122 32 9
537 5 6 7 116 84 8 94 4
2216 384 8 34 34 12 86 434 1001 5 6 7 41 2711 7 102 73 1823 8 1921 5 73 7 15 339 46 2177 5 421 48 5 8 7 53 33 434 4 421
20 22 1534 4 29 52 1211 2739 4
88 5 318 4
256 5 21 5 21 74 210 683 16 8 7 53 3009 70 9 183 7 18 5 50 161 5 50 207 9
273 26 148 12 753 9
38 5 2183 10
38 5 8 7 53 45 4
133 5 909 5 6 7 116 173 8 849 208 4 222 5 506 5 506 5 233 5 233 5 233 5 8 7 53 33 71 46 49 400 37 24 5 52 8 9
6 7 41 2543 7 8 4 29 55 7 31 34 24 4
106 452 7 31 436 4 227 428 13 173 434 4 48 5 39 67 26 18 5 434 21 91 73 35 676 13 44 37 4 29 370 44 1481 154 204 7 15 683 39 2484 4
348 137 74 17 107 16 242 11 2572 4
348 4
88 4
216 9
149 87 8 4 4 4
335 4
30 52 306 5 50 1395 1801 9
42 5 254 1836 1357 13 11 360 73 202 8 27 22 463 4 48 5 195 5 125 21 24 242 2517 12 360 39 8 27 22 463 9
256 5 6 7 41 46 36 12 834 25 11 2782 1225 5 17 5 169 5 155 424 4
1532 217 9
813 1618 5 1626 159 865 4 133 5 919 1967 207 1214 4
54 5 296 81 5 65 145 5 6 7 41 85 5 33 46 454 4
38 4
6 472 142 4
106 7 15 12 86 633 4
2016 9 188 113 7 15 33 11 913 9
89 25 179 4
38 4
209 105 5 74 7 15 224 4 48 5 195 5 32 21 28 11 1081 9
135 27 4
6 79 7 31 5 6 79 7 31 685 4 6 62 5 8 5 14 7 15 50 26 55 7 31 713 37 8 126 4
20 5 95 5 94 8 7 116 36 682 1407 90 7 18 5 39 67 40 2318 17 181 4
413 4
195 10
1369 10 214 8 528 9
222 10 29 114 517 392 9
150 10
2878 136 11 2723 113 9
48 5 434 5 14 7 15 2175 4 291 5 6 23 428 13 107 8 16 6 35 71 412 102 8 172 7 31 659 70 11 158 352 5 17 23 43 8 18 5 6 1277 70 2342 12 128 4
20 5 344 4
216 5 531 5 6 87 4 1124 694 5 6 114 517 37 83 342 708 763 4
546 4
20 5 434 5 58 35 422 1080 13 8 4 6 114 13 1434 22 3003 13 270 161 1537 40 312 4
2420 9
38 5 6 18 5 14 7 15 22 450 4 143 67 147 44 61 4
42 162 5 8 18 5 162 26 147 377 39 68 2289 4
976 5 16 35 846 4
60 4
211 5 1987 161 16 5 11 266 1232 35 254 157 12 2983 4
29 1724 37 2443 17 11 1936 9
20 134 5 14 7 15 213 4 353 8 580 19 16 9
38 5 344 5 14 7 15 140 4 6 23 64 12 2900 4
78 8 264 50 26 329 8 110 4
20 10
706 7 31 44 2349 4 278 707 8 4 203 7 15 23 317 310 4 2094 4
302 7 15 22 104 417 4
30 72 22 687 557 2597 19 9 255 9 30 189 6 46 34 94 9
426 8 49 4
30 9 6 36 896 2292 548 4 6 7 120 1106 424 25 2765 25 345 4 135 27 5 26 191 34 14 5 79 7 31 26 9
1372 14 534 4
38 5 22 1949 2820 268 12 71 139 1099 4
2859 5 800 5 906 5 17 1237 5 800 5 906 5 17 1237 5 800 5 906 4 4 4 177 586 4
100 7 15 46 44 721 14 4 100 7 15 12 1126 694 16 729 165 635 5 67 45 9 1595 165 126 91 165 635 4 100 7 15 16 266 871 113 4 2459 5 1365 83 63 16 2286 1649 7 2567 137 74 4 374 68 25 144 196 300 251 4 54 5 65 105 5 39 56 144 5 26 64 68 5 258 202 4 89 45 5 1557 11 557 4
54 5 1460 4
78 91 21 24 104 1585 863 9
6 75 14 7 15 134 8 126 52 136 24 4
51 4 89 45 5 60 5 79 7 31 852 14 43 258 4 272 5 71 5 79 7 31 852 14 43 258 10 20 5 60 10 295 49 25 22 580 10
48 5 233 5 98 63 16 2553 4
289 2191 4 29 7 53 86 4 2064 27 4
48 5 8 4 203 7 15 23 1508 4
20 26 7 53 33 66 4 54 5 65 4 143 7 53 23 81 5 154 1279 126 5 2414 37 11 2550 25 223 158 1279 387 5 423 7 11 984 2117 128 181 4
20 5 112 5 112 5 182 4 143 410 28 11 1030 159 11 81 1416 4
69 81 5 8 191 49 13 2034 7 15 9
278 10
20 4 1018 250 4 1711 414 67 11 2065 4
203 7 15 61 4 6 7 41 3008 68 25 8 21 11 476 4
6 7 41 83 4
20 5 278 10 48 5 1164 10
42 5 95 16 68 268 639 27 103 2272 5 17 24 68 268 934 4 78 278 35 545 441 639 4
286 934 4 20 5 171 105 4 106 68 7 15 545 278 4 559 5 58 114 16 575 104 873 159 103 1278 4
38 4
326 10
211 5 81 5 26 7 116 2359 39 14 4 2662 122 934 4
29 64 12 262 481 9
1915 4
216 10 748 10
314 4 133 5 311 5 81 5 639 21 933 5 163 639 36 933 4
465 5 22 104 2725 4 135 61 5 104 68 4 302 7 15 22 104 557 278 4 48 5 22 104 417 4 48 5 58 7 15 33 1046 4
518 4 366 417 5 2052 11 2752 5 6 36 12 584 4 149 109 14 583 1828 25 2548 2157 27 103 515 9
2305 8 329 278 39 12 1057 9 135 61 4 135 61 4
51 5 32 21 14 47 19 9 273 6 33 98 287 444 9 228 74 115 4 4 4 2627 4 4 4 47 19 9
334 5 299 5 299 5 299 5 299 5 299 5 299 4 334 5 299 5 299 5 299 5 299 4 4 227 7 15 902 5 11 242 21 902 4 100 7 15 307 213 5 14 7 15 241 213 5 14 7 15 2740 213 4 227 7 15 64 19 136 515 2959 63 22 1281 4 78 93 5 124 467 7 31 502 19 22 1272 304 4
2434 5 169 5 65 5 6 79 7 31 75 16 7 15 11 449 4 7 503 26 243 5 169 5 2115 11 158 131 17 11 145 58 2675 19 43 442 5 17 11 145 58 35 380 205 22 598 6 23 50 4 4 4 545 784 115 4
395 5 171 5 152 5 79 7 31 98 4
543 5 418 5 418 5 8 36 12 305 9
209 81 5 81 5 32 47 81 5 60 17 81 4 4 4
69 8 71 51 47 67 24 9
211 5 234 5 26 7 53 297 12 621 4
211 296 4
681 4
38 5 26 1060 14 7 116 410 37 60 437 11 123 5 17 37 19 437 11 123 4
2645 4
6 79 7 31 18 72 140 218 8 59 24 21 11 175 305 6 7 120 499 27 433 22 974 43 5 72 6 1315 12 104 587 5 6 189 4
6 7 41 85 9
256 5 162 207 5 207 343 4
256 5 2689 4
140 218 8 6 35 1352 16 24 5 172 7 31 73 9
20 5 16 250 880 4 4 4 326 4
228 24 128 5 755 5 194 504 393 9
89 45 4
29 7 53 45 5 8 7 53 45 4 229 5 8 52 43 2372 4
2657 1886 9
54 10 54 1053 5 23 12 857 5 321 4
54 5 65 5 6 189 5 59 252 163 39 11 190 728 17 12 437 6 7 120 118 595 11 2996 22 294 4
2805 4 176 5 6 7 120 118 400 12 974 5 1086 19 8 7 53 46 44 235 4 29 23 55 7 31 84 14 93 163 8 469 7 31 114 210 2939 4
42 5 8 18 5 74 7 15 65 68 145 71 5 14 7 15 23 5 8 18 5 928 14 1049 43 16 8 55 578 121 13 83 5 421 6 7 41 137 8 4 421
1101 27 4
30 4
6 7 41 1304 7 10
89 45 5 235 4 6 7 116 173 8 110 4
239 4
48 231 4
20 4 78 82 35 11 305 9
150 5 95 81 5 81 5 234 5 318 7 15 1024 297 12 375 5 6 23 148 11 621 1251 5 87 140 121 4 4 4 30 9 129 5 125 52 8 380 63 19 50 16 9
51 4 20 5 171 5 171 4
54 5 6 2355 63 318 7 15 190 131 4
20 5 234 6 469 7 31 225 118 319 363 4 273 8 638 72 6 857 22 1911 9
231 5 6 64 12 360 161 8 4 455 7 15 1575 9
29 7 53 137 19 9
2385 4 4 4 8 7 53 81 5 8 7 53 5 8 7 53 137 19 9
290 5 102 97 8 4 4 4 693 19 9 231 4 152 34 8 5 6 62 5 97 8 5 81 4 4 4 30 9
29 7 120 114 822 39 19 9
543 4 255 4 29 18 47 22 5 6 62 5 8 18 6 114 4 4 4 8 18 9
195 4 290 87 58 4 4 4 102 87 58 4 4 4 102 87 58 9
2896 4
318 4 318 4 106 4 20 99 4 318 5 45 4 51 5 6 148 13 2258 146 4 54 5 142 18 5 6 7 41 46 570 4 6 7 41 46 570 5 6 7 41 46 826 5 6 7 41 1291 7 17 6 189 923 4 51 43 8 81 5 17 93 1392 4 4 4 17 93 5 93 5 93 8 7 53 137 19 9
6 7 116 44 45 146 4
42 5 51 5 6 81 5 6 36 13 4 6 55 7 31 378 37 24 45 93 4 6 62 5 6 7 120 81 5 90 7 18 5 6 7 120 64 12 375 5 6 7 120 64 12 381 5 6 7 41 4 4 4 6 7 41 46 49 56 12 621 4
167 168 21 22 99 4
6 172 7 31 56 12 621 4
54 5 65 14 7 15 33 529 4 51 5 14 7 15 199 5 199 33 529 4 1124 694 14 7 15 234 337 1141 874 1199 25 529 4
29 114 65 45 13 107 19 8 276 114 822 39 19 4
6 35 136 134 37 318 307 6 661 66 47 8 4
396 8 147 36 206 115 307 6 791 80 4
302 35 151 12 86 123 4
435 5 33 5 2786 131 4 29 18 5 17 4 4 4 17 14 7 15 33 50 6 172 7 31 447 5 152 5 59 269 64 28 11 145 5 90 7 18 9 624 5 50 961 126 122 2714 122 5 122 5 122 961 126 4
188 633 21 6 4 4 4 6 79 7 31 148 24 45 93 5 51 4 100 5 14 7 15 117 429 5 6 7 41 37 247 217 5 6 7 41 491 4 167 2510 268 2699 4
48 5 6 7 120 118 423 7 14 433 11 3054 642 5 6 7 120 1102 254 820 86 63 14 4
413 4
239 4
239 4
952 4
1731 9
54 5 59 72 8 7 53 1055 13 1137 281 5 94 8 488 44 1055 13 673 281 4 78 94 4 4 4
48 5 171 5 43 5 169 4 4 4 82 7 215 8 132 66 190 131 9
245 12 185 4 6 197 190 131 35 134 4
143 52 379 47 152 61 4 29 17 152 4
48 5 8 4
239 4 149 52 8 9
88 5 160 4
239 4
20 5 95 5 234 4
30 9
54 1899 5 59 16 887 422 50 80 4
133 5 67 45 5 98 4 295 7 15 56 1568 47 24 5 311 9 143 7 116 132 12 2774 4 152 17 318 5 997 17 1087 4 20 4 143 7 116 186 496 779 28 2133 5 37 457 1885 5 17 6 55 510 457 2521 39 332 2229 4
133 5 166 7 15 432 37 11 1087 5 7 212 124 7 53 224 287 4 89 45 5 152 175 4
29 141 121 16 4
3015 4 1286 14 4 29 126 191 240 1922 9 286 26 141 270 136 24 4 30 217 9
133 5 166 7 15 34 318 4 30 7 15 259 37 80 9
48 5 43 82 7 215 14 49 37 318 9 327 8 5 87 8 300 80 2122 9
48 5 34 8 126 36 4 4 4 4 4 4 344 4
201 8 485 7 9
20 4
42 5 32 7 15 11 158 113 5 32 34 6 75 9
249 9
20 5 171 5 24 21 86 5 24 21 71 86 4
295 19 56 22 845 4
42 32 21 14 9 295 19 84 4
60 5 195 2366 115 47 19 27 103 998 17 58 467 7 31 166 19 84 4
78 6 7 41 28 14 9 396 166 19 785 14 4
198 4 421 100 35 2316 5 17 14 35 369 4 152 35 74 4 349 2314 1009 1963 4 7 20 5 98 5 7 1845 2304 5 17 94 11 1815 35 103 1239 4 188 858 4 421
89 45 5 8 18 32 9 167 588 7 31 338 304 4 302 7 15 115 47 19 27 16 1116 25 443 17 6 76 13 84 14 4
239 356 4
1497 25 1983 9 2495 205 80 367 9 1531 9
289 12 903 9
20 10 6 34 33 36 1756 2155 10
227 21 1698 4 30 11 430 7 15 12 1687 9 228 16 174 522 1107 1283 16 6 1027 7 31 18 163 6 7 41 23 12 903 4
38 5 159 11 145 5 86 356 28 40 267 330 177 12 2012 2114 4
290 247 250 33 2464 8 28 5 60 5 16 830 49 251 4 106 452 7 31 62 321 1748 70 11 390 2905 4
435 660 4
133 5 311 5 479 68 263 188 145 8 2515 63 406 1362 4 603 154 263 82 157 8 165 40 322 4 603 292 263 11 145 8 240 37 40 350 102 8 7 53 587 4 603 879 263 82 2347 8 52 39 1123 40 330 137 4 603 1044 263 82 134 8 52 37 278 4
48 5 60 10 30 52 8 423 7 9
30 52 8 136 66 74 9
20 5 8 569 44 2558 4 29 18 32 8 148 9 149 47 12 193 1599 834 25 369 1449 9
54 4
54 5 8 126 5 8 71 79 7 31 36 13 49 5 26 7 53 534 379 4
54 5 8 79 7 31 5 60 4 1878 11 702 269 8 75 47 542 4 232 5 82 96 8 264 72 11 68 389 16 8 2562 11 541 28 11 611 33 252 1132 144 117 5 59 234 2643 144 177 1223 33 13 44 37 8 4
20 5 95 5 16 7 15 5 16 7 15 2985 139 25 8 5 60 4 6 206 79 7 31 49 10
411 9
291 5 6 4 4 4 6 79 7 31 75 24 21 11 373 123 4
2499 21 43 1658 4 2914 583 236 71 1415 4 4 4 198 5 26 7 53 458 5 59 716 34 121 16 4
382 5 166 19 547 8 115 5 97 5 97 306 5 81 5 338 1798 9
176 63 306 2655 1166 2387 4 6 107 142 5 714 7 15 46 44 2610 373 480 63 11 1663 2415 1890 4
48 4 88 238 4
211 5 1513 7 15 5 819 780 5 319 1832 4
1610 5 382 5 16 7 15 11 128 16 1063 28 11 932 4
238 5 6 197 40 563 35 28 1879 4
149 36 8 151 118 27 1405 9
272 5 81 5 24 21 12 772 25 11 932 128 1516 28 914 25 12 2538 2197 1858 37 12 2421 4
88 5 1002 4
20 5 23 2995 11 1978 4
20 4 20 5 182 5 182 5 81 5 81 5 82 109 9
20 5 182 5 112 4 167 21 11 68 25 8 476 28 12 2253 5 17 5 81 5 662 12 104 417 1729 12 1602 5 17 61 58 21 63 12 773 4 4 4 451 773 4 4 4 451 773 4
228 14 71 40 1620 55 7 31 4 4 4 95 25 445 14 21 4
176 5 6 4 4 4
198 5 16 21 33 40 476 5 16 7 15 23 12 772 25 12 128 28 12 932 4
100 35 40 1546 7 15 481 4 425 18 5 73 172 7 31 76 8 13 18 40 482 476 163 14 412 80 43 157 102 58 202 5 17 5 6 172 7 31 76 13 49 610 37 14 5 59 5 95 94 73 759 17 5 17 14 35 1351 13 1111 37 80 4 435 1947 5 59 1351 4
783 6 704 5 58 35 12 1234 2298 1371 4
272 4
464 5 16 7 15 67 6 18 4 106 5 17 24 4 167 21 11 482 83 4
38 5 17 8 18 32 9 29 7 53 45 5 6 34 264 262 5 265 8 60 4
48 4
365 7 303 93 1002 5 79 7 31 153 44 594 63 19 4 149 7 15 14 127 9
42 5 6 75 8 7 53 262 156 760 83 4 20 160 5 6 18 58 7 15 40 927 59 5 59 13 19 58 7 15 153 11 1927 2354 91 2307 70 40 714 17 2127 80 2893 4
6 18 4 108 5 6 535 7 31 874 2868 37 8 102 6 218 8 16 5 81 5 6 172 7 31 18 703 180 58 1346 4
203 1318 63 207 2444 1771 28 3004 4 359 8 853 11 1529 2578 5 8 7 120 499 117 489 4 29 55 155 22 375 4
232 5 462 5 793 217 2351 16 375 4
48 4
48 4
38 5 139 181 4
108 4
108 4 2821 202 5 1188 45 9
201 7 15 22 2528 2285 9
48 5 61 7 15 12 2109 263 135 27 28 5 410 50 1355 4
20 5 43 16 7 15 32 24 21 39 4
560 21 4
239 356 382 4
2894 5 112 5 65 5 14 7 15 153 2942 4
149 489 7 215 142 56 9
198 5 26 7 53 1091 7 833 4
382 5 32 7 15 485 7 27 9
42 5 162 58 7 15 5 162 58 7 15 24 71 279 1234 128 4
42 5 43 125 33 49 1209 9
382 5 16 7 15 108 4 29 556 12 139 2287 392 4
38 5 17 102 8 34 5 58 7 116 44 651 13 36 8 4
48 5 382 5 82 7 215 14 49 4
214 8 108 9
108 5 382 5 40 739 4
513 4
69 130 154 519 25 11 2242 1859 4 890 1147 25 11 579 991 25 1662 5 6 3033 8 4
453 19 104 68 5 6 36 12 199 2110 2954 4
6 35 2881 4 4 4 50 12 2375 4
29 458 12 104 448 568 9 10 10
1847 61 16 12 1857 64 1539 1694 2726 131 4 201 703 97 184 1926 9
57 46 56 110 13 2317 4
119 67 45 4 1380 4
42 5 6 331 428 13 741 11 716 4 188 282 91 2956 11 541 1029 12 1244 13 2076 5 17 803 13 1931 28 2563 1417 4
38 4 288 397 583 72 6 1331 177 157 123 662 83 1573 2705 5 177 6 34 2696 47 2579 1778 5 983 44 1011 13 1118 12 1244 13 11 2666 2606 4
54 4 188 68 28 2616 1350 5 397 707 11 2898 4 203 583 271 46 2690 11 806 371 22 1796 202 19 4
188 282 91 467 190 627 808 879 590 17 1159 4
69 489 5 261 808 1159 4
970 492 12 487 4
349 770 2947 1989 4 209 5 320 2104 36 115 22 397 274 741 4
735 8 34 19 68 1465 5 72 101 33 117 157 1314 9
3039 9
219 65 579 1285 5 6 55 84 8 400 22 2096 4
30 250 16 62 9
6 55 1498 2165 63 11 498 25 12 678 5 90 7 18 4 232 5 49 251 10
57 1367 5 12 1446 21 27 103 145 4
6 55 153 84 8 10
48 10 48 10 10
89 45 5 192 155 12 487 25 11 1399 2227 2023 4
326 5 34 8 36 210 1296 2595 1433 9
54 5 59 111 5 524 1296 28 11 2656 2704 4 6 107 8 32 5 192 186 8 146 39 1530 519 5 68 39 332 131 4
89 45 5 192 155 68 487 25 11 931 844 5 23 68 5 17 130 14 4 313 870 2525 1115 241 6 944 11 579 991 4 559 5 82 397 905 67 22 519 17 6 731 144 67 9
54 4
505 5 77 5 77 5 77 5 77 34 24 4
20 99 10 6 178 49 10
60 5 59 19 146 39 451 487 25 11 931 844 5 92 4 201 5 180 52 11 931 844 9
30 9
54 4 54 5 23 5 23 5 23 12 1320 224 519 4 1543 65 139 378 5 67 45 5 1293 279 4 29 178 346 19 66 37 12 1320 224 519 10
69 5 82 725 36 8 808 43 489 9
20 22 99 5 82 87 8 34 16 9
51 5 328 32 138 136 5 6 148 1081 2748 5 6 148 2860 2293 4 4 4 4 4
601 10 890 22 998 4
6 77 18 5 6 77 18 5 2212 8 11 128 16 218 19 13 539 22 260 102 6 114 711 422 217 13 34 4 552 10 552 10 552 10 552 10 552 10 10
78 93 39 11 134 918 4
20 4
57 33 46 107 8 10 219 11 187 168 91 458 2998 568 4
219 12 139 1152 4
129 77 8 98 28 11 1155 5 1152 4
89 45 448 5 17 168 4 922 84 40 1463 2972 4 952 5 1822 5 337 519 25 716 5 798 193 4
1638 5 337 4 376 5 851 5 59 153 86 4
20 5 531 1928 4 229 5 337 4
483 267 9
88 4 78 1589 39 2590 5 60 690 5 337 4 1241 5 14 367 50 8 905 194 1257 523 25 716 542 4
602 179 32 354 5 579 1285 60 4
20 5 6 2848 14 4 6 889 25 225 876 19 4
6 170 10 119 117 429 10 2577 309 876 16 282 137 74 4 176 63 80 5 1119 225 64 903 2516 4 783 131 73 35 664 533 82 13 132 2910 4 4 4 4 1856 4
1690 6 107 80 6 1019 1343 9
232 310 4 1786 2615 4 582 103 340 567 5 43 40 46 510 154 2450 1675 25 68 5 84 4 232 347 1681 5 212 24 2136 2768 5 84 174 204 510 1708 23 466 4
249 310 4 690 5 8 77 36 13 34 24 4
57 194 1037 4 57 194 1037 4
1874 947 250 2529 4
229 5 1259 63 11 1254 27 11 1846 4
89 45 5 44 22 3030 4
732 16 340 1576 5 851 9
57 33 372 13 446 340 5 14 692 19 1388 4
192 636 40 298 5 641 194 1805 282 91 474 13 44 28 878 5 136 658 340 9 546 9
546 4
42 5 77 75 6 723 2722 40 1844 4 42 5 261 64 12 1528 39 8 130 12 523 224 1468 13 878 4 149 250 16 880 9
135 27 137 61 5 909 4
6 148 306 2401 2280 1944 4 219 754 4
6 18 160 5 57 85 4
2792 5 6 77 18 231 4 2846 70 10 10 6 64 12 2851 1225 5 12 1313 1490 5 17 12 2225 329 11 2296 10
20 160 5 109 27 5 57 85 5 6 200 4 4 4 4 6 77 638 2269 22 1332 5 90 7 18 5 101 23 82 157 189 6 46 592 47 878 159 600 2957 5 11 1966 1916 5 13 11 757 4
57 85 5 6 637 5 6 637 5 6 35 23 111 4 4 4 4
20 257 19 5 1640 118 74 4 6 114 13 674 1646 933 63 16 2448 813 4
229 5 23 68 158 113 4
6 111 5 6 213 1600 6 488 18 25 12 260 2026 72 40 5 72 40 660 9
38 5 1781 50 516 277 13 132 4
88 10
150 10
30 5 43 24 128 21 662 8 39 65 1578 405 9
78 271 5 271 12 804 2932 9
255 4 1622 50 226 1249 474 13 36 174 517 4
42 5 57 23 475 5 6 62 125 217 96 58 23 5 90 7 18 5 1459 28 66 25 1683 39 65 405 4
237 8 4 69 87 8 111 5 87 8 107 226 1249 47 19 9
69 5 271 23 12 193 128 4 29 71 75 24 226 246 76 357 28 2891 39 662 83 9
149 55 8 33 18 427 68 9
644 68 21 2984 9
220 92 4
48 5 164 4
681 5 57 28 12 2100 4
54 160 5 57 85 5 59 11 2803 33 137 363 4
6 248 738 110 161 496 305 4
20 22 99 10
6 189 86 4 6 1066 22 1125 4
6 77 462 4 273 8 191 155 12 826 9
48 5 195 10
2260 4
30 5 58 987 8 103 319 479 9 2365 28 50 5 13 5 13 103 319 9
220 45 86 269 5 2008 21 32 6 206 4
106 21 43 514 70 10
302 8 49 4
38 95 5 72 6 18 226 5 17 6 75 6 34 5 320 1135 422 605 4
1714 2000 17 2319 538 121 57 12 3044 4
30 9 10
88 10
229 90 7 18 5 24 1030 21 27 22 443 2876 43 6 4 4 4
88 4
2071 87 14 49 9
57 43 2178 25 8 4
291 5 57 111 5 57 85 261 118 43 461 17 668 17 5 101 23 16 6 50 8 12 523 5 43 4 4 4
38 4
152 9
88 4 6 23 670 13 762 5 17 73 707 8 4 29 64 14 5 8 64 11 260 4
216 4
2032 5 8 97 2137 4
99 5 6 398 124 1344 103 1157 10
602 83 4
89 45 5 6 1073 6 55 105 12 352 4 48 5 32 52 8 136 981 9
6 148 8 13 109 13 24 2788 364 39 22 606 3005 2180 5 90 7 18 58 7 15 11 1802 4
38 4 228 16 12 1084 900 9
54 5 65 5 65 5 65 1937 3020 19 4 6 79 7 31 148 16 392 4
20 160 5 265 8 5 59 226 7 15 815 19 66 4
48 5 43 55 8 132 14 27 981 9
42 5 72 11 2901 55 471 22 622 37 103 59 950 5 94 67 45 4
100 21 19 10 100 7 15 12 1038 2775 1571 25 478 1525 4 69 6 75 6 7 41 46 2913 511 5 554 511 5 17 111 5 2979 202 288 1973 28 2390 1727 4
30 9
426 5 166 19 4 152 869 7 15 530 5 82 370 6 346 8 9
78 91 370 6 121 21 671 9
60 25 4 4 4 4 4
20 344 4 100 7 15 5 14 7 15 226 4
48 5 329 27 12 358 4
88 160 10
20 5 58 7 15 23 2686 184 4
20 160 5 24 21 103 747 117 4 6 218 8 26 7 53 762 7 15 154 2348 4
20 10 20 22 99 10 30 87 6 23 34 9
6 75 6 23 2903 342 5 337 2623 13 1390 4 20 160 5 6 178 49 4 226 5 6 148 8 10
334 10 60 10 10
2433 7 15 16 9
89 45 60 10 10 6 56 14 10 10
29 7 53 412 10
20 5 321 5 60 14 35 43 940 10 100 35 50 8 97 1045 40 1894 4 6 62 8 488 36 95 36 23 109 28 17 1370 67 184 22 1281 10
176 5 6 18 32 7 15 127 27 61 5 92 5 226 2345 14 67 13 19 4 203 206 24 21 32 8 126 34 4
226 7 15 12 1172 10
176 5 79 7 31 8 84 32 7 15 549 61 4 2060 25 2371 27 80 45 251 5 58 7 15 2029 80 2584 4 232 58 7 15 46 44 11 128 73 571 117 13 3022 47 8 4
42 5 125 79 7 31 8 1143 80 12 1038 1000 5 1224 5 65 8 309 87 16 4 89 45 98 5 8 7 53 127 13 36 13 49 74 542 93 5 92 5 132 12 1202 484 2088 4
51 5 92 98 5 6 18 6 7 41 317 310 4 1960 392 5 59 14 7 15 23 43 816 5 6 62 84 8 600 184 17 6 23 191 498 8 17 329 8 5 109 27 65 68 7 15 184 5 23 5 23 646 19 4
30 21 127 27 9
60 10
78 94 8 1308 14 17 5 1510 5 73 7 15 281 4 78 94 5 17 94 8 1308 14 221 17 73 7 15 480 4 227 7 15 12 577 242 5 73 7 15 600 146 11 828 5 73 7 15 862 1240 5 17 1437 5 2731 7 15 281 10
183 7 18 32 5 6 7 41 5 6 7 41 46 1331 174 860 123 37 11 1181 4
349 139 3035 4
272 5 125 21 14 258 5 6 62 26 7 120 118 275 39 618 12 627 93 9
272 5 16 7 15 199 740 5 14 23 810 13 19 384 5 16 72 154 204 165 332 158 17 1086 332 158 5 50 26 34 5 74 7 15 65 405 13 44 668 4
201 142 127 9
632 5 37 91 9
302 35 12 242 63 11 4 4 4 188 977 9 10
911 5 6 178 56 12 551 4
560 5 21 73 341 9
20 4
653 5 6 90 7 18 6 79 7 31 84 125 73 268 13 240 37 8 5 16 7 15 67 4 6 62 452 7 31 73 36 210 90 7 18 158 977 2828 322 25 80 687 9
6 7 41 33 668 4 89 45 24 21 47 5 324 5 204 1514 2147 269 90 7 18 47 2931 4 78 90 7 18 5 17 169 5 6 4 4 4
1064 4 245 5 105 5 105 4
30 9
2911 492 5 321 4
1507 2794 21 11 1751 17 5 2501 5 101 342 263 207 4
6 55 346 37 16 4
88 10
69 5 8 98 134 4
54 8 34 4 29 4 4 4 23 4 4 4
1795 64 629 1353 13 40 568 4
119 86 13 84 8 4
119 86 13 84 8 117 4
361 46 49 70 13 11 2199 2153 2055 5 1487 5 17 2019 2684 4 167 21 193 4
6 969 24 4
69 5 8 191 56 12 1261 122 115 9
20 4 176 5 23 322 5 6 585 2895 8 4 6 501 4
861 4
2909 64 28 429 190 131 4
290 87 24 454 9
69 5 52 8 46 84 83 221 9
42 5 73 650 11 190 865 2670 297 137 83 5 17 93 1119 2976 16 159 127 27 12 305 37 83 4
42 5 8 488 191 132 12 104 682 5 90 7 18 2190 339 44 888 241 11 517 4
69 102 204 1583 19 27 22 2756 147 6 5 32 34 6 121 9
2758 5 24 1109 199 606 4
38 5 95 5 182 6 498 144 5 59 6 650 343 1406 33 13 2847 144 4 220 22 580 4
51 4
2263 52 1418 4
964 4
38 4
30 9
560 4
69 5 1377 11 2863 49 137 9 249 9 10 239 4 69 8 786 19 292 254 269 4 38 5 261 118 298 12 523 47 8 117 4 6 18 4 119 258 24 266 2908 113 4 119 12 1283 10
29 71 182 9
613 5 24 196 23 44 115 26 34 5 50 898 4
289 40 563 4 1241 130 234 898 4 29 18 313 34 36 12 943 305 37 22 548 2682 267 1327 4
29 76 19 13 1566 14 9
51 4
1286 468 4
376 4 57 85 4
29 96 33 257 22 352 10 6 114 13 213 154 2252 5 17 94 13 1215 14 156 5 6 742 68 25 22 1166 1547 5 28 12 2799 390 4
57 85 5 6 35 23 298 138 352 141 153 386 70 4
411 4
48 1164 5 24 21 12 648 283 5 186 11 2571 110 28 11 391 4
42 5 6 23 428 13 84 180 8 1346 4 232 5 308 19 11 1642 4
20 985 10 374 267 123 4 335 39 12 1015 1232 4
20 5 16 35 11 943 305 16 6 218 8 47 5 73 385 17 2919 14 13 392 4
42 5 8 1315 235 4
29 62 50 2612 322 9
150 4 183 7 18 97 110 180 26 97 4 272 5 6 96 165 13 34 67 16 5 59 2481 705 4
51 5 92 5 68 269 705 4 209 26 153 76 457 269 17 26 18 82 24 21 46 858 4
6 18 6 274 4 69 4 4 4 4
149 736 68 190 406 25 898 9
150 10 167 282 21 86 4
6 50 80 4
2519 2360 4 4
51 5 22 267 2394 385 263 238 2870 5 30 353 6 1851 4 6 249 2922 290 143 401 1862 1961 5 78 6 2617 1184 2559 29 106 1833 4
48 238 4
69 111 5 238 1871 179 8 761 3050 4
38 5 59 5 6 77 34 16 304 4 6 64 331 1319 25 14 5 17 94 6 274 109 70 37 357 86 5 43 124 1306 19 4
42 5 6 90 7 18 5 6 35 23 5 324 5 6 35 23 298 17 1193 5 16 324 5 162 565 76 13 56 110 275 9
465 109 27 238 96 8 23 75 47 14 9
150 5 16 35 331 1644 4
2746 28 61 4
38 5 8 636 4
183 7 18 280 52 12 2885 28 2649 4
150 5 73 569 36 412 8 254 187 5 296 9
20 5 8 154 569 36 118 43 575 497 184 27 12 1733 4
6 993 4 54 4 850 244 5 19 5 80 5 17 1130 67 746 2391 28 914 25 11 390 4 42 6 1722 70 28 11 698 25 11 131 17 6 572 16 11 390 35 2211 66 4 69 5 6 589 70 12 1336 17 1149 14 27 4 286 5 63 566 32 6 197 35 12 1336 4
183 7 18 124 121 12 2111 2002 151 1420 4
238 125 77 8 23 173 80 9 29 1050 76 13 4
42 5 77 2224 191 9
51 5 95 6 34 18 8 4
42 43 9
288 373 794 5 43 86 13 19 4 6 404 144 1220 4 2477 63 11 1550 5 2683 28 11 1676 4 505 424 32 204 121 4 288 2099 373 322 5 1054 13 11 858 4 765 144 57 68 369 2825 4 2325 429 68 131 5 33 157 839 5 6 4 4 4 4
20 4
150 5 130 134 4
183 7 18 8 141 439 741 24 4 1422 44 807 39 50 324 5 12 2446 1816 2741 4
30 9 129 33 9 29 141 132 12 2405 25 371 4
465 5 138 45 5 138 45 4 57 85 4
229 95 5 101 2801 4 696 10 420 4 183 7 18 32 5 192 84 8 849 4 51 4
135 61 5 109 61 4 51 5 77 56 594 5 92 4
6 2086 2221 2639 39 11 204 63 22 504 2233 3018 5 124 243 1462 4
54 5 65 5 6 77 76 13 697 14 4
38 4 29 92 9
1410 165 117 4
20 130 22 2671 25 12 2798 5 37 12 1215 821 4 832 620 4
48 5 160 4
48 5 553 127 27 9
30 5 34 8 5 95 324 5 171 82 47 6 109 70 74 9
42 14 8 77 18 16 5 94 6 77 76 13 34 24 37 8 4
88 10
29 1056 12 1606 5 171 5 32 12 393 4 220 14 5 27 2604 6 432 441 2509 4
38 5 59 6 64 2006 10
51 5 8 77 36 13 328 5 57 2166 5 57 33 61 4
38 10 10
1130 9
51 85 5 1723 4
51 5 130 12 390 4 20 112 4 20 112 4
57 85 4 209 111 5 233 5 171 5 1259 156 11 408 5 82 736 12 924 25 720 159 11 390 5 6 141 56 14 127 221 4
135 27 231 5 8 77 36 32 5 770 576 9
30 9 2341 5 250 73 36 770 576 9
505 2478 63 19 92 5 24 21 11 541 261 877 8 67 667 4
38 5 59 105 4 4 4
48 4
54 5 233 5 95 5 313 874 685 4 29 97 5 8 97 2340 4
394 32 9 394 2542 8 616 19 66 25 40 747 9
38 5 95 764 19 39 1925 13 44 37 22 381 27 223 615 5 417 32 194 1157 189 6 4
38 5 95 8 151 36 11 123 4 6 62 5 6 77 264 50 6 225 36 12 381 304 5 152 4
54 5 59 989 44 193 72 8 1909 5 101 23 12 260 10
216 4
54 5 233 5 6 56 16 5 92 5 6 56 16 139 123 4 78 57 491 39 142 5 59 57 1348 25 323 12 527 37 40 802 463 10 51 5 6 77 18 32 13 34 304 4
228 24 47 226 9
51 5 101 33 5 101 33 4
20 57 5 57 658 24 117 258 4 51 5 32 34 8 76 19 13 34 4
51 5 92 5 235 5 138 45 4 922 111 5 333 155 12 300 5 333 279 156 5 92 5 333 56 174 3006 1861 5 122 115 4 4
106 96 44 134 4 237 8 4
20 5 344 4 119 226 4
30 9 228 14 22 2479 9
88 4 42 5 98 5 6 35 23 46 415 12 360 5 1036 208 40 5 40 139 615 244 9
231 5 52 8 92 9
29 191 230 5 6 62 6 55 109 137 9
89 45 5 67 45 5 57 473 137 5 17 57 875 1790 897 4
119 39 19 4
696 5 271 23 71 1652 28 16 4
150 4 57 85 4 1803 9
42 5 94 271 5 271 339 23 5 66 4
20 5 265 8 130 199 1299 5 57 801 8 712 137 4
88 10 119 19 4
483 16 9
228 16 226 9
30 9 214 8 341 9 503 130 92 4
2865 27 2750 4
29 76 19 13 23 539 22 260 43 16 8 55 264 50 910 64 12 381 9
20 22 99 4
20 22 99 4 6 649 270 323 24 336 362 37 8 60 10 176 5 1735 5 162 26 147 155 12 300 4
396 5 26 114 24 139 5 522 362 5 17 6 206 6 428 13 155 12 300 5 6 77 76 13 155 12 300 4
48 5 32 34 8 76 13 446 9
831 4
420 5 160 5 98 58 23 712 137 13 4 4 4 4
88 5 101 19 4 261 118 677 13 1725 8 67 131 4 6 264 1257 4 1326 5 60 5 8 178 18 74 21 422 792 19 17 226 4 167 266 1889 113 21 23 522 4
546 5 57 23 43 85 6 186 8 400 14 4 78 5 6 90 7 18 5 6 77 76 13 56 110 275 137 12 463 4
69 5 6 165 8 4
78 90 7 18 32 5 57 46 5 57 46 49 13 550 93 5 59 111 5 27 22 145 13 213 301 1549 5 57 46 328 159 184 342 263 207 4
399 4
48 5 32 253 25 1295 34 8 75 6 147 56 9
209 22 402 21 43 4 4 4
245 10 2766 22 794 9
273 6 18 125 97 2042 9
220 43 134 39 8 126 10
29 569 44 43 491 10
239 356 5 37 40 381 4
88 4 518 5 8 64 22 360 4
69 32 34 8 121 9 353 6 44 40 381 221 9
216 5 8 55 5 199 157 4
38 4 143 1163 102 26 274 315 8 5 565 499 319 13 132 70 37 152 4 644 21 339 32 8 1494 534 4 255 9
42 5 307 26 1511 16 5 6 75 26 147 2530 11 224 558 584 4 149 1535 52 8 9
38 5 17 74 585 44 12 527 202 13 2952 4
89 45 98 5 72 8 711 36 13 107 80 5 63 566 105 718 11 2162 45 4 78 130 32 1607 52 39 4
89 45 5 92 5 93 5 26 23 36 13 132 182 73 246 315 66 174 158 145 4 327 8 75 47 11 788 9
188 788 161 11 242 8 87 14 37 13 11 242 8 398 151 1809 66 91 87 14 10 29 284 36 13 75 47 11 788 10
232 5 52 8 801 26 200 432 37 11 899 2737 9
228 24 47 19 815 40 593 9
57 85 5 6 34 16 4
20 65 4 6 264 14 1036 71 2785 577 5 90 7 18 4
20 5 95 6 107 1972 325 4
29 508 10
20 45 5 16 152 1222 161 11 340 283 4
20 5 233 5 168 6 18 5 246 436 82 157 26 165 468 5 2438 21 117 2742 12 881 4
465 5 65 449 1628 4 183 7 18 26 64 13 98 66 39 332 158 4 401 11 336 5 8 17 19 4
38 5 26 52 4
38 5 26 52 4
51 5 97 33 4
209 5 26 52 4
6 55 501 33 13 107 80 221 4
513 4
29 87 12 187 113 10
798 187 10
798 5 199 187 4
54 4
89 45 4
209 8 147 339 230 13 22 512 5 163 6 218 83 17 58 414 238 117 4
483 40 512 9
220 45 4
30 5 32 52 124 379 47 9
289 56 251 161 19 10
183 7 18 32 5 6 76 8 13 415 10 604 1078 61 10
289 56 66 10 232 10 10
1162 4
135 27 60 10 29 206 8 428 13 230 47 14 5 333 230 47 14 10 10 149 35 73 9
227 35 422 1080 13 8 4
239 457 9
831 582 665 4
38 5 151 3011 27 152 4
222 10 10 222 5 506 5 105 12 185 4 30 123 87 40 104 387 415 9 20 22 99 4 227 35 74 9 227 35 153 74 9 227 35 28 74 5 102 6 35 28 74 9 10
78 363 73 35 721 1743 223 527 10 10
143 97 27 12 300 10
29 75 138 46 56 66 25 24 27 12 2907 9
99 10 78 13 36 13 472 47 14 161 1904 10 10
38 5 95 44 235 4
88 5 101 238 4 291 1897 46 36 13 155 22 342 263 207 37 310 4 2812 5 212 101 50 342 263 207 93 5 17 57 33 74 4
89 45 4 922 121 6 114 416 37 226 4 901 8 36 118 1011 13 2968 19 9
2288 44 92 72 8 521 16 226 114 1929 19 5 17 118 281 37 19 5 17 514 165 13 19 9
29 521 16 223 369 5 2755 5 1788 2566 97 4 4 4 4
2781 10
57 298 5 57 46 722 12 904 4
2449 44 461 9
413 4 88 10 216 5 320 50 13 722 12 1843 904 4
765 111 5 682 1499 4
38 5 17 141 8 321 1504 174 70 17 23 186 14 45 74 28 11 2045 9
214 8 234 475 306 1917 9
38 5 90 7 18 5 204 55 44 43 2277 4
220 4 4 4 4
106 21 647 61 2990 74 4
54 60 10 10 505 10 29 170 23 646 19 17 75 138 46 132 14 67 49 251 5 92 9 100 246 213 16 145 4 100 246 23 132 14 262 4 51 9
6 75 8 147 49 4
6 71 75 8 148 13 49 93 4
38 5 32 11 430 87 6 18 10
54 4 6 170 5 138 12 439 457 389 13 19 93 4 6 277 13 75 25 8 177 247 16 96 151 5 276 412 19 5 276 4 99 5 17 93 6 23 170 328 2717 37 80 5 6 170 5 14 246 436 32 8 121 5 122 32 8 34 5 60 4 119 23 705 5 325 4 2046 4
245 4 249 9 10 503 431 56 19 66 25 1968 4
353 247 217 1026 83 9 6 36 13 377 159 11 862 4
1148 44 134 39 267 775 4
1148 44 134 39 267 775 4 6 62 5 2648 44 2839 4
42 5 26 97 169 5 1113 1016 13 49 2230 5 90 7 18 1345 548 1975 4
401 71 85 5 59 169 5 73 87 547 179 175 4
653 10 192 377 4 361 22 847 4
54 10 401 46 36 287 4 143 55 132 1200 10
88 10
48 5 32 52 8 136 61 9
229 112 5 59 93 101 737 17 19 28 2938 17 11 2400 473 319 4
361 686 4
420 5 112 5 234 5 1896 46 44 319 210 185 5 101 331 194 615 4
119 33 16 253 25 615 4
2541 10 10 464 4 4 4
20 99 5 60 6 189 43 85 4
183 7 18 32 5 6 76 13 230 13 8 47 24 43 157 5 59 26 147 339 34 14 102 26 141 71 56 205 14 5 52 8 1273 39 244 301 131 9
20 5 134 10 601 117 4
42 101 199 1452 4
229 5 737 196 44 43 2621 4
60 5 265 99 4
291 60 5 26 1263 66 25 1188 5 17 26 77 18 180 26 52 5 43 26 170 56 12 2130 1873 4
216 5 321 4
238 5 643 27 12 358 4 426 5 155 22 973 5 49 386 70 40 322 4
291 5 26 495 18 138 46 34 14 212 138 33 12 717 4 51 9 69 8 55 719 1347 61 39 12 437 728 17 94 49 386 144 70 5 122 1212 179 495 123 17 1347 28 11 973 4
176 5 868 189 85 16 152 1139 8 212 73 746 28 165 37 16 226 128 5 17 8 52 11 2593 2730 28 67 25 24 5 59 77 1409 40 322 39 32 152 87 13 8 4
238 643 27 12 358 60 474 13 121 115 4 30 9 29 416 37 236 217 9 10
29 416 37 451 242 9
30 21 58 136 61 9 10
29 126 52 856 4 54 10 203 649 109 4
119 1311 4
129 96 8 225 76 13 109 60 9 219 12 1311 1432 4
183 7 18 32 5 6 55 2093 14 5 2965 22 698 312 4 663 101 11 111 5 698 520 25 22 175 312 4
89 45 5 333 49 10
20 5 57 85 5 97 8 2461 13 19 122 686 37 236 217 9
183 7 18 60 125 77 8 1806 40 802 463 10
6 77 18 4
30 6 206 35 5 35 16 6 3049 4 1914 11 68 91 1970 37 8 10
54 5 6 75 101 199 940 1185 259 61 4
30 9
38 4
20 32 5 105 5 105 12 358 5 6 62 5 32 52 26 136 9 483 127 37 91 9
135 27 168 5 8 2635 67 11 145 70 61 4
89 45 5 95 173 8 102 26 56 110 4
374 26 55 50 49 13 12 1186 122 115 4
286 5 122 11 2945 10 10
6 35 317 2777 2128 2944 3055 1604 4
1064 4 60 10
326 5 972 10 10
219 12 1172 5 60 4
51 5 192 347 8 301 4
51 5 843 10 10
38 5 92 5 843 4
20 45 5 212 8 284 1908 40 538 146 63 11 597 25 292 17 240 2969 27 40 515 950 4
88 10
88 10
149 52 8 9
20 5 95 90 7 18 5 6 652 385 59 6 742 40 408 479 17 94 111 5 22 516 2116 19 66 25 11 391 43 6 274 315 14 4 78 94 5 6 1636 13 315 12 347 408 5 17 111 5 11 2630 35 866 156 4 69 4 4 4
229 5 171 5 11 111 5 1480 4
42 5 26 64 205 12 362 212 111 5 73 206 6 35 13 2653 13 56 341 4
150 10
20 5 6 521 565 44 43 279 47 24 4 89 45 5 111 5 233 5 34 8 76 13 936 80 9
273 8 9
183 7 18 5 6 652 636 86 371 16 983 44 11 175 68 25 179 13 56 341 4
38 5 111 5 59 316 77 8 75 271 12 104 540 13 56 341 9
183 7 18 2795 338 5 169 5 781 218 19 43 157 47 8 5 59 40 33 82 6 2148 8 63 67 4
20 22 99 10 10 537 10
183 7 18 5 6 62 5 71 26 34 689 16 524 194 1288 789 792 179 4
2238 5 6 196 4
316 5 32 5 21 14 11 1288 113 9
316 5 58 810 13 1774 14 4
42 5 2813 8 218 83 82 8 264 9
316 5 72 8 77 107 83 5 1682 271 46 44 341 5 17 94 138 46 409 542 4
2977 4
54 4
89 45 5 2425 8 651 1612 10
6 274 346 14 5 74 165 21 43 1211 4
20 22 99 5 91 759 27 24 9 10
613 4 51 5 175 95 432 37 12 104 1012 2592 17 1869 5 17 94 72 16 246 213 26 55 49 110 13
20 1394 5 151 121 16 4 359 26 170 56 14 66 94 26 55 866 184 11 1095 5 1246 12 104 2569 5 8 132 12 2790 616 4
88 4 245 5 65 10 289 186 11 1272 146 4 1635 19 10
20 95 5 169 5 40 5 40 2294 23 1376 43 86 5 16 6 197 320 1994 70 28 14 4 228 16 67 45 9
20 5 95 23 339 11 702 68 433 261 118 2988 4
420 5 1201 111 5 73 111 5 385 14 156 4
211 5 65 5 33 71 5 23 16 6 35 117 540 5 90 7 18 5 59 6 77 84 82 6 141 67 25 11 657 44 117 540 5 212 57 1761 351 6 35 102 26 175 64 275 4
38 5 72 11 373 21 50 856 2435 10
183 7 18 5 6 23 35 578 491 90 7 18 4 394 11 175 123 28 22 330 10 850 22 397 202 19 5 17 94 5 17 94 297 1579 39 1183 280 2138 5 17 94 5 17 94 11 266 2056 2920 113 10 6 55 5 101 153 71 258 13 155 2564 1590 28 1004 1872 5 59 37 1201 67 16 181 331 243 251 4 78 93 101 5 17 93 101 499 17 6 77 18 125 10
30 9
245 12 185 5 105 5 24 21 163 25 8 9
42 5 8 5 105 65 5 22 916 200 76 179 13 44 275 5 59 11 702 113 73 276 87 35 900 19 13 11 1697 4
29 34 33 148 13 929 4 2779 77 1180 8 4 29 52 12 567 5 1294 242 5 91 250 33 148 13 929 4 349 567 5 1294 242 5 91 250 33 148 13 929 4
1429 45 781 4 6 18 101 258 13 472 5 59 14 652 118 259 13 49 400 37 14 4 868 35 317 1250 5 225 384 26 5 26 76 11 336 269 93 5 28 11 1337 26 370 33 4 228 16 14 5 21 16 32 14 21 9
314 5 33 23 16 4 420 5 225 384 26 165 332 158 177 157 177 26 34 5 2381 11 605
1564 11 605 4 420 5 138 117 540 13 5 13 71 18 32 8 76 4
143 97 66 1581 4
361 134 10 6 62 26 36 609 12 86 123 275 10 361 43 338 5 17 1059 740 5 17 57 33 2634 13 83 63 67 10 10
20 1233 5 171 1290 5 6 189 12 139 504 999 10 20 1233 5 171 1290 5 6 189 12 139 504 999 10
6 409 24 242 10 10 6 409 80 10 227 218 919 28 11 835 47 16 2161 5 17 93 124 67 270 733 19 13 471 496 1692 4 51 5 17 1218 6 170 34 14 5 738 67 3056 1213 63 19 4
48 10
150 5 2632 34 8 75 73 474 9
119 1088 4 29 52 199 1825 5 320 680 8 72 6 458 70 37 8 4 6 35 23 677 13 44 2966 4
359 6 458 70 37 8 5 320 680 8 4
88 10
38 4 326 5 769 12 487 25 40 181 4
20 5 90 7 18 5 101 23 50 1548 5 17 12 790 5 17 1850 5 23 674 25 181 16 910 202 61 4
54 4 60 5 14 5 14 23 810 16 90 7 18 101 123 2757 90 7 18 5 930 27 4 6 62 5 6 62 77 8 75 9
38 9
239 4
60 5 8 64 16 39 1273 161 11 634 913 2057 4
51 5 67 45 5 308 19 11 1310 10 192 270 11 1310 4
29 18 82 157 6 165 16 921 10 29 151 225 180 16 921 10
20 5 8 52 12 885 168 4 29 52 12 885 5 885 4 4 4 4
938 4 4 4
938 4 4 4
1679 4 4 4
29 52 43 23 136 24 66 25 1413 4
255 9
29 36 33 1052 16 921 433 8 97 207 10 10 100 246 225 1945 8 304 10
2823 10 10
6 55 939 2061 14 4 6 55 186 1780 27 14 4 100 246 436 5 6 153 675 70 37 24 104 1883 113 27 11 698 520 25 22 294 4 119 43 2382 4 1953 14 1000 8 9
60 10 29 178 328 10 51 9 10 29 170 23 1076 400 11 920 1298 39 292 708 10 219 46 56 920 935 10
29 200 23 300 70 4
29 416 37 247 292 708 241 8 197 8 458 70 4 6 62 2426 36 202 2466 1396 10
51 4
78 11 2974 25 11 1254 2960 2857 28 103 1734 4
882 32 9 10
54 10 10 29 170 10 10
6 189 40 387 5 17 6 189 33 46 166 8 34 24 10 10 29 52 1660 567 10
176 168 10
291 13 19 10 10
832 730 27 10 51 5 72 101 33 24 128 5 101 46 44 247 217 10 78 925 138 298 47 1709 22 920 1298 5 2502 127 13 36 13 56 277 13 11 694 16 11 527 21 137 10 51 5 168 9 119 137 4
51 4
255 4
88 140 10
20 22 99 5 268 73 416 63 67 9
54 5 14 7 15 118 292 1456 28 12 2555 4
100 7 15 174 25 669 7 15 350 10 30 34 6 34 37 24 9
99 5 32 21 259 37 19 4
302 8 49 10 106 7 15 11 1940 6 7 41 380 39 10 30 55 26 34 9 255 9 89 45 91 7 15 175 9 255 9 60 9
272 5 6 35 1349 4 4 4 4
273 8 153 36 16 5 169 5 1591 1959 9
1089 4
29 462 33 323 517 28 1287 555 5 45 9
42 160 5 32 47 8 9
6 62 34 8 36 210 287 5 8 18 5 2831 2482 269 9
135 27 8 178 36 68 10
60 5 8 18 32 4 4 4
4 4 4 72 8 107 19 5 6 488 34 14 4
38 4
907 10
54 14 7 15 23 16 6 64 24 355 1760 17 6 36 14 27 2102 4 293 142 10
88 8 126 10
407 6 79 7 31 213 63 11 1821 2458 4
6 18 6 34 4
88 4
30 9
60 5 6 172 7 31 75 14 96 16 139 25 12 378 4
51 5 91 52 8 379 13 102 8 34 16 9
51 5 60 5 238 21 22 381 5 92 5 26 107 332 158 325 4 29 18 5 6 62 5 109 27 5 126 34 11 336 113 5 6 62 5 32 47 67 16 2819 285 181 4
401 495 25 280 164 9
435 225 37 40 373 387 4
106 21 43 1512 4 599 937 66 27 43 157 5 60 4 6 62 5 11 1913 17 11 2953 5 8 18 4 1475 884 16 236 217 21 127 400 11 336 113 8 52 4
1382 157 4
211 5 160 5 112 16 35 37 1863 4
211 5 296 4 286 162 13 12 2276 489 5 489 251 4
420 5 112 4
1998 9 129 5 125 5 125 5 2679 5 125 5 125 5 125 96 124 34 24 9
143 7 53 33 46 230 47 2483 52 26 9
38 5 92 4
38 10 89 45 10 29 49 175 4
51 4
2135 1631 28 11 2607 899 4
6 18 10
51 4
51 5 8 18 5 8 18 102 40 28 550 5 37 12 242 4
78 5 111 5 8 18 5 40 2693 184 37 80 4 78 8 56 67 306 50 5 2489 1957 28 40 1941 5 8 18 5 50 2427 2853 5 122 16 282 63 11 1274 283 4 4 4 4
6 18 5 78 94 67 25 11 657 40 516 1813 205 40 294 4 78 40 50 7 516 5 56 1078 61 10 7 29 18 5 59 25 445 5 50 5 241 16 8 55 7 31 2536 75 25 357 217 5 17 8 55 7 31 5 8 18 5 328 32 40 136 4 69 14 7 15 331 50 5 8 7 53 5 8 18 4 29 18 4 4 4 4 29 79 7 31 18 10
29 206 4 4 4
51 5 61 26 49 4 6 7 41 1439 7 15 2181 5 17 8 36 12 71 606 98 27 40 805 4 30 9 272 5 32 21 14 9 327 6 56 14 259 9 327 6 56 11 350 259 9 30 9 327 8 23 772 14 1541 9 30 9 30 9
42 32 21 14 9 135 27 1025 5 40 50 5 2168 19 66 61 4
245 12 185 5 105 4 219 1121 19 24 1338 389 21 11 252 242 8 276 428 91 200 76 8 110 9 10
150 5 138 71 461 47 80 5 296 9
150 5 12 391 39 2083 5 16 21 43 279 10 290 6 35 551 5 6 114 12 1189 4
188 104 1910 34 4
2633 4
48 5 1015 10 135 5 230 13 19 12 185 10
88 5 171 5 57 1138 5 1933 2763 4
6 18 10 1777 12 139 1488 25 1248 4
6 277 13 324 5 812 22 1726 43 6 141 593 536 4 2024 1634 1818 25 1720 2037 4
613 10
20 59 94 5 124 243 17 2709 8 146 16 2336 1758 4
20 5 138 43 338 4 291 5 324 5 32 52 8 136 241 1651 9 273 8 76 13 56 12 446 5 122 115 9
861 10 2844 84 8 94 4
505 2486 14 4
411 4 20 10 119 8 4 289 111 5 23 2487 1057 4 6 189 127 13 155 24 173 4 290 6 1655 5 6 398 16 74 196 1783 27 1442 24 1876 113 16 28 11 2048 26 173 5 2142 13 11 709 10
203 628 13 44 1964 4 644 21 224 351 6 55 121 39 16 1160 138 630 4
6 77 424 4 129 5 34 8 76 19 13 424 9
273 8 9
51 5 57 2899 13 121 24 5 59 333 386 14 70 180 26 202 156 4
6 170 257 26 49 27 28 5 28 12 667 4
48 10 69 433 97 297 156 818 5 34 8 76 13 49 17 965 2680 9
29 18 10 750 11 283 6 218 8 47 190 131 9
20 5 92 4
192 84 8 301 4
1300 4
38 5 6 248 4 176 5 32 52 26 46 34 47 24 1270 5 296 9
42 324 5 162 72 14 114 224 1325 4
42 5 2373 380 39 12 405 13 377 5 45 9 995 170 23 646 80 5 271 178 5 178 71 308 80 12 405 5 90 7 18 9
286 162 5 162 58 141 2236 80 5 17 5 17 5 17 5 17 1750 80 70 4
78 94 73 141 1630 156 103 790 17 646 103 1522 5 17 5 17 103 2273 10
78 94 45 5 45 102 11 1270 2198 5 58 141 155 80 37 24 2611 5 787 4 4 4 4
38 5 130 254 157 32 6 114 28 638 4
88 4
88 4
119 12 104 818 13 44 2943 4
219 855 9 10 220 134 10
20 22 4
20 5 390 10 302 5 524 12 390 10 1556 10 10
88 4
2160 32 9
968 4 78 524 71 65 405 58 147 315 66 5 43 111 333 33 132 12 139 378 47 14 5 92 9
176 324 5 6 5 6 35 5 6 35 23 645 70 28 11 709 4 220 67 14 35 4 164 5 1293 85 8 264 187 5 59 723 8 276 419 37 12 729 180 14 676 224 13 80 351 14 87 13 8 9
88 5 1138 4
42 24 21 134 10 192 308 8 12 173 10 143 147 34 14 221 864 10
353 8 257 58 23 1865 19 12 1280 9
6 62 24 268 118 50 22 979 433 6 64 22 175 691 2609 2397 17 2476 691 1712 3012 4 6 62 6 96 486 39 24 260 4 6 62 6 55 439 34 24 260 5 17 99 414 6 1328 22 1332 4 209 777 23 136 24 163 58 268 12 2659 27 19 4
1089 5 65 4 6 62 82 55 6 848 12 1280 161 83 9 1334 170 4 6 274 225 848 12 1668 161 2810 2431 28 11 2626 642 4
30 9 272 4
20 99 5 57 43 85 4
6 18 4
48 5 8 126 10 917 32 9
183 7 18 32 6 200 404 24 1140 39 12 627 163 8 574 14 4 42 5 248 32 9 219 33 22 381 304 43 4 4 4
314 4
20 711 4 6 50 14 225 224 27 8 351 6 87 27 2097 2087 4 60 10 60 10 57 855 10
1895 35 14 8 97 46 107 179 9
249 9
150 10 106 2014 673 71 859 10
20 22 99 5 21 16 153 4 4 4
54 138 33 4
231 10
51 5 92 4 176 5 8 36 64 13 49 13 12 403 10 51 9
78 57 182 138 46 132 12 139 1001 4 88 10 57 152 869 4 119 193 13 936 8 4 135 27 5 8 339 36 12 666 2124 10
231 4 4 4
152 4 4 4
413 4 192 49 4
632 4
51 4 167 181 9
89 45 4
2418 4
376 4
376 5 57 85 4 1699 5 442 5 442 4 4 4
57 2332 4 4 4
1855 5 1746 4 4 4 4
30 9 30 9
54 4 54 5 90 7 18 8 77 5 8 77 404 444 25 24 4 30 9
42 6 5 442 40 598 5 6 23 75 138 46 50 24 12 104 262 5 212 5 2231 4 4 4
376 4 503 324 5 6 75 24 196 132 8 12 104 224 1154 4
302 8 49 10 239 444 39 40 364 5 296 9
681 9
51 5 109 27 10 89 45 5 6 178 49 10 69 86 356 63 11 364 4 51 9
560 5 92 4
30 9
152 5 261 877 8 281 12 926 561 4 6 731 369 1200 156 8 281 4 559 5 313 1235 16 2082 66 25 40 2095 678 9
231 5 90 7 18 6 55 84 8 281 210 123 6 76 4
89 6 36 13 34 21 442 22 598 4 293 9 3002 10 10
229 5 57 85 4
326 5 85 5 422 8 55 34 47 14 4 119 68 25 22 111 5 1749 177 11 3036 4 2353 5 171 112 10
51 5 92 5 57 85 5 14 196 151 454 4 4 4 1162 10 245 12 185 10 2468 5 93 74 52 12 590 25 8 17 57 11 2004 4
135 27 5 96 8 2698 70 9 119 65 139 378 4
2010 10 10 10
614 5 109 27 4
20 22 99 10
89 45 4
176 4 4 4
51 4
231 9
691 4 691 4 29 36 13 49 13 11 1206 4 51 9
51 4
51 5 57 46 56 40 845 17 94 1920 186 8 28 12 375 4
695 445 6 189 4 6 23 36 13 132 12 173 4
51 9
30 9 10 6 1820 5 553 259 9
89 45 3042 70 39 12 358 17 166 19 23 84 115 4 20 5 942 10
231 5 8 170 98 894 28 194 1719 4
20 5 14 35 5 1402 5 95 4 4 4 4
51 5 93 102 8 109 110 6 398 8 462 16 5 16 1222 21 33 12 1251 10
6 35 331 5 372 13 44 27 990 208 2580 1472 2691 4
38 4
546 5 212 6 521 16 72 6 218 8 5 565 132 19 49 5 17 6 521 8 586 236 13 44 37 8 208 4 135 27 4 135 27 4
30 9
29 147 56 174 419 4
69 5 192 324 4 4 4
54 5 130 5 65 5 177 440 177 138 92 4 69 192 111 5 192 84 8 301 4
817 5 112 4
2721 10 10
48 4
6 148 154 4 57 875 1253 4 288 393 4 6 36 12 393 93 10
54 4 54 5 33 63 67 5 33 63 67 4 6 234 35 46 502 236 953 5 43
6 676 5 19 1715 68 10
89 45 5 192 84 8 208 4
51 5 6 148 12 305 10
20 10
38 5 17 6 77 36 210 2787 4
2323 223 2141 10
1464 177 86 177 16 240 37 11 154 281 448 27 11 2672 4
6 18 4
69 130 11 282 8 50 4
245 12 185 5 105 12 185 5 2259 11 128 1345 630 9 42 5 130 2352 4
164 5 909 5 8 97 2712 10
149 34 8 34 4 395 5 8 154 448 97 1753 10 327 124 36 2174 9
426 26 49 204 10 2719 1021 10 188 2220 2505 2343 5 2152 1108 10 164 945 5 1153 194 2654 2587 5 59 310 4 945 21 33 11 702 113 28 24 2735 4
1007 2452 1696 17 2652 3053 21 2692 4 1389 4 1108 10 426 14 21 10 188 1664 159 2507 2950 21 237 8 5 854 17 448 5 910 2311 22 330 4 1326 5 181 40 2281 2539 37 22 2192 1648 2208 10 453 19 10 10
20 5 92 5 112 4 6 186 40 181 28 80 285 5 17 80 181 28 40 285 4
2194 4
1305 11 145 5 58 1139 19 208 241 58 785 22 2407 4
681 10 6 182 18 82 13 386 468 5 296 9 183 7 18 6 987 70 12 520 27 12 532 39 24 10
249 4 30 9
129 11 2618 9
54 4 29 9
69 8 71 75 280 1824 52 23 668 25 19 9
20 5 138 740 17 575 4
6 18 10 220 125 124 1404 19 10
30 9
30 9 69 8 151 243 66 37 194 1338 307 9
695 445 6 34 4
6 77 18 10 6 23 5 23 34 24 10 313 284 36 13 386 11 50 11 2601 128 5 1791 11 541 2773 128 129 170 6 23 386 236 50 8 9
29 18 32 6 62 4 6 62 50 11 2963 128 4 164 5 138 23 43 5 138 43 5 43
54 5 65 5 57 235 5 17 2987 125 9 503 25 67 11 1572 4
48 10 2154 8 36 16 2492 27 190 131 9
464 5 82 87 14 49 37 1007 9
164 5 8 114 11 131 10
290 154 204 578 689 496 822 39 332 158 5 1151 124 230 39 708 5 17 1757 592 67 47 11 158 389 10
327 8 50 592 47 80 648 9
216 10 10
632 5 130 12 86 68 4
509 10 201 36 8 118 5 557 9 10
227 64 12 260 28 1070 4 349 4
261 118 612 70 67 131 39 142 4 201 36 8 118 9 201 36 8 118 9 509 9 10
30 34 8 64 146 74 5 509 9 30 34 8 64 693 16 2164 9
782 4 30 52 8 136 9
164 10
57 758 801 6 645 8 5 6 274 315 8 307 4
388 153 76 19 2769 1493 4
783 131 35 980 4 209 313 170 377 61 23 39 8 4
164 5 1627 10
509 10 509 10 509 10 10 10
69 24 21 14 9 995 9
38 5 45 4
239 378 4
48 10
176 5 6 178 49 4 6 7 41 27 173 208 4 293 8 892 4
150 5 58 7 15 575 5 316 10 209 6 197 8 23 870 630 16 1826 1167 4
2582 9 10 478 2718 28 68 352 9 106 7 15 43 1667 8 4
69 316 5 34 124 18 47 332 158 9
4 4 4 17 6 18 6 7 116 151 680 136 14 5 59 6 178 107 8 5 14 7 15 254 279 884 16 8 7 53 658 12 789 28 12 551 7 15 330 4
222 10
1502 5 26 7 215 262 173 11 390 2589 10
54 5 65 9
1688 10 129 9 10
286 1093 5 26 141 49 137 74 17 1133 27 144 4
42 160 5 94 125 79 7 31 8 300 70 37 68 25 144 9
2038 4 30 111 5 32 354 13 595 11 1341 9
38 4 644 68 34 8 50 224 9
51 5 86 5 43 74 8 49 4 348 37 867 4
42 871 21 558 5 386 83 4
20 182 5 49 37 11 1880 4
167 283 21 778 4
6 18 4
20 321 5 32 34 8 18 10 29 341 12 2402 10
20 5 43 138 127 37 11 1167 5 296 9
2836 1706 2982 10 10 10 376 5 6 35 23 2685 32 989 44 50 13 1252 11 371 1999 4
2254 10 10
69 5 553 70 9
513 4 2638 378 4
963 101 92 4 119 23 16 111 5 6 197 26 114 115 254 1204 61 4 78 90 7 18 313 784 50 8 97 236 6 141 578 471 70 13 5 17 106 524 43 157 28 19 6 36 13 1082 37 8 363 4
57 85 5 6 170 230 4 57 46 49 761 28 22 1877 4
2106 10 245 10 10
216 5 17 6 18 16 565 121 65 72 58 1068 8 5 59 57 85 2129 82 134 96 8 98 600 146 11 1297 28 24 2776 2081 4
6 18 4 6 148 224 863 4
29 200 300 70 37 16 2131 9
150 10
69 94 5 52 8 127 13 2749 1128 9
42 5 112 5 163 6 36 13 300 70 37 236 5 17 51 43 1128 21 871 5 59 93 2322 867 813 5 867 268 11 1918 90 7 18 9 69 119 71 23 47 11 3029 4
69 238 5 8 111 5 1142 331 829 27 11 408 5 21 111 5 21 357 259 9
288 493 196 44 43 491 4
48 4 6 35
222 10 1117 10 641 127 27 61 9 455 21 24 128 9
30 9 10
38 5 17 647 87 26 4 2854 542 12 300 4
29 36 9
313 170 257 24 10 2928 416 37 83 9 10
183 7 18 238 5 57 46 132 24 482 1069 39 8 4
29 514 83 12 1558 839 244 28 11 2636 9
273 8 75 16 524 12 573 28 1555 122 174 283 385 1197 9 78 111 5 177 138 1176 205 573 2303 50 12 891 5 17 14 583 219 28 1197 4
602 179 10
2673 27 1617 4
30 354 9
129 21 24 549 13 19 9 10 6 77 18 5 162 101 22 2864 4
69 140 5 32 97 8 46 107 179 9
2552 171 5 270 40 312 5 77 155 103 312 4
42 2603 155 103 312 4
129 9 10 30 21 14 9
20 9 10
38 5 101 154 126 28 12 2245 5 17 11 1098 52 263 2754 1098 4
38 5 357 571 5 751 111 5 935 2078 17 596 2886 4
42 5 6 200 34 357 4 6 200 76 13 44 11 128 91 268 12 449 37 103 1853 2923 103 837 4
38 5 6 18 5 39 12 71 134 1938 8 23 90 7 18 5 1358 40 294 28 792 468 4
38 4 30 52 26 297 9
119 23 258 102 6 18 6 36 2145 170 56 10
89 45 5 27 11 525 4
20 5 257 19 5 6 77 76 13 56 412 719 4 57 317 2416 47 24 4 293 306 126 9 2156 11 373 2299 28 11 611 5 17 1013 61 277 13 44 12 1328 3024 4 349 391 1097 10 203 277 13 44 12 391 1097 4
6 501 4
38 4
54 10 54 2793 307 139 362 10
48 10
1984 554 511 1350 5 554 511 10 2112 28 103 883 840 1397 2331 10 361 1126 39 103 2119 577 1979 4 1401 17 2488 5 1997 1253 2186 10 10
78 103 1444 5 161 3052 2200 5 1040 10 361 12 337 2027 828 1312 5 1893 2904 10 10 10 10
100 96 44 193 241 2733 207 5 337 204 1467 29 768 10
30 5 98 110 9
42 166 19 547 8 12 584 4 1276 6 11 883 840 955 9
42 57 33 46 328 718 57 11 883 840 955 4
295 19 107 8 12 1330 4 290 6 1614 66 13 1363 607 337 5 34 8 75 14 23 354 2770 9 54 4 302 35 607 342 5 16 2201 146 22 2817 1902 5 74 35 607 342 16 96 252 812 1981 28 2159 5 17 337 2531 16 6 1322 161 5 23 50 6 1322 161 24 362 5 151 13 166 12 128 570 27 22 2814 4
176 5 57 46 56 262 4 51 9 6 501 8 4
20 5 68 158 113 4 1013 1132 16 8 317 1767 370 36 2625 22 2845 4
38 4 2274 35 11 449 4
48 10 149 440 718 777 362 9
1423 508 9
119 92 5 101 33 177 187 177 14 367 5 101 12 1695 4 229 5 57 33 372 13 930 22 1841 4
57 235 10 320 362 208 5 72 2445 166 19 4 293 24 2951 57 1045 156 61 9 167 21 22 1100 25 1948 4
6 170 718 57 11 1852 1312 4 6 196 34 14 4 57 1121 8 5 11 352 196 109 102 1414 196 1111 137 91 196 713 12 362 5 19 122 1008 4 232 5 57 33 475 6 141 1092 1008 5 59 90 7 18 5 345 52 522 4
183 7 18 6 36 12 2422 2403 3001 5 12 1866 1772 28 22 45 1868 5 17 12 2092 1518 1639 2918 5 59 16 71 412 4
42 72 138 733 19 13 539 5 94 138 733 19 13 44 236 57 33 4 261 64 13 34 24 4
2011 9
2874 14 66 5 271 724 10 777 724 10
602 14 221 4 1072 4
20 10
220 117 187 4
20 5 6 1042 379 47 103 2727 4
1072 5 180 87 8 56 11 821 9
38 5 6 75 73 367 86 4
1340 14 39 142 5 122 713 14 39 142 9
348 5 49 5 49 10
135 27 10 290 8 49 251 5 1216 36 13 240 5 101 50 12 2140 10
614 5 265 8 4
2237 10 54 145 10
38 95 5 72 111 5 72 130 11 881 24 775 4 4 4 54 10
604 251 10
1282 251 10
54 10 54 10
30 9
2807 1943 4
2933 10 10 10 10
663 5 90 7 18 101 331 1004 5 43 82 47 6 270 22 2658 27 5 17 308 8 67 12 1671 63 11 86 181 9
222 5 233 10 30 52 136 9 1567 13 56 19 1342 9
6 75 192 346 80 66 4 30 21 127 27 61 9
29 2399 103 2973 9
1619 83 67 184 11 285 9
361 439 2436 37 8 117 4
6 77 18 4
850 58 1819 66 5 26 186 11 2935 184 83 13 270 83 2143 4
48 10 149 87 533 419 9
2451 117 4
48 5 32 354 13 8 9
20 5 11 1150 35 1059 134 10 143 2368 156 24 1955 17 22 1140 712 156 4
38 5 164 17 195 182 52 338 4
6 75 6 1056 110 437 25 11 1625 28 22 350 4 100 35 43 157 2262 102 6 277 13 1158 22 294 4
249 9 10
407 6 75 47 1329 14 67 156 221 864 4
38 10
183 7 18 32 5 6 147 34 14 4
38 5 265 8 152 5 8 52 758 279 4
38 5 73 1466 73 114 13 49 66 25 573 1744 4 832 3057 19 5 73 246 76 13 107 19 180 22 591 21 4 227 414 5 17 73 585 107 19 4
88 4
6 35 323 12 104 1875 37 111 5 1570 5 17 111 5 248 32 5 2946 354 13 502 70 90 7 18 5 91 35 608 11 169 5 266 294 1329 481 5 17 93 5 91 35 14 9 20 5 130 45 5 130 45 5 14 35 8 10
48 126 4
51 5 36 287 10 2330 10 10
29 55 84 11 1965 2937 156 80 294 10 30 11 430 97 8 298 9 10 10
29 77 18 9 10 231 5 8 2084 22 381 10
183 7 18 5 233 10 219 11 68 91 1277 14 5 462 9
29 153 165 19 9
29 153 165 19 4
653 5 2927 4 30 250 24 62 9 30 34 8 5 6 62 34 8 191 5 56 110 275 9
30 9 10
30 9
209 6 514 2533 10 10
38 5 6 18 5 6 87 16 154 576 763 4
48 5 838 2389 10
143 36 12 437 728 4
1996 60 5 26 7 116 44 528 4 100 252 1049 179 154 576 13 56 480 4
1117 10 20 5 98 63 8 5 67 1339 4
1864 10 150 10 10 20 5 344 4
149 109 8 172 7 31 109 137 1982 9
48 5 60 5 76 174 2547 9
38 5 6 23 36 13 56 480 4
30 7 15 12 436 60 9 30 8 7 53 587 47 40 1023 9
1276 6 28 14 9
411 4
222 10
237 8 10 6 18 5 384 4
42 5 234 11 190 283 8 97 1247 35 28 74 4 2326 4 4 4
395 5 52 8 46 34 947 9
1101 27 12 358 6 23 64 28 4
143 141 33 5 96 33 76 13 105 4
421 88 5 14 7 15 19 5 6 7 41 473 137 93 4 48 5 32 72 6 7 41 309 74 102 40 595 24 360 9 421 228 16 117 1779 9
30 9 10
1491 16 360 504 122 355 9 1271 122 355 9 10 1271 122 355 9 10
272 5 8 87 173 83 110 4 7 503 5 14 7 15 5 14 7 15 71 504 4
255 9
30 189 6 46 34 9
89 45 10
54 5 8 7 53 45 4 42 5 26 7 116 315 115 4 295 7 15 23 56 8 66 25 16 4 135 27 4
6 18 11 2072 13 103 802 463 4
544 10 695 445 5 14 35 544 10 327 14 880 50 544 9
316 5 8 49 37 140 17 447 27 80 1203 1309 4 359 16 452 7 31 213 5 8 55 404 22 1009 1797 68 4 20 5 3058 5 32 189 6 441 9 10
42 5 2849 4 6 7 41 23 677 13 98 193 39 40 139 131 4
814 5 14 7 116 44 110 4 814 5 74 7 15 793 28 11 285 4
60 5 16 35 12 2013 1665 5 925 8 96 50 19 13 49 13 24 113 177 2862 1633 2743 4
42 5 25 445 33 39 208 4 38 5 344 10
143 277 144 177 1258 102 26 243 1718 4
188 2644 4
201 7 15 22 656 9 10
203 556 22 3045 10
407 5 6 7 41 33 441 210 656 93 4
2861 10 10 2469 10
51 5 316 5 1524 5 32 794 147 6 404 9 188 2222 122 11 2642 9
1669 5 59 5 59 280 71 49 262 37 538 4 374 6 147 404 538 9
209 6 4 4 4
89 45 4
51 4 6 178 173 544 4 6 178 84 72 16 35 80 2824 122 33 4 6 7 41 85 5 6 23 36 13 4
293 74 8 49 4 2902 10 143 7 53 66 25 11 2971 4 51 5 6 7 116 56 480 93 4
544 5 6 252 2962 28 43 6 141 472 22 360 4 6 62 16 7 15 1470 4 2044 10 6 62 98 5 112 5 8 18 32 6 96 71 1942 14 72 8 172 7 31 107 40 397 47 4 30 34 8 62 5 8 7 53 33 2040 37 24 9 135 27 26 7 53 322 10 10 106 2457 284 574 19 4 6 7 41 671 80 110 4
51 5 26 7 53 27 14 4 143 7 53 27 14 4
6 7 41 33 46 1321 4
54 5 6 75 6 7 41 46 1252 70 27 22 2830 4
6 7 41 33 46 1321 5 43 6 75 16 196 1588 11 33 127 4
42 5 276 433 6 35 2440 17 2687 63 28 914 25 22 322 5 6 7 41 23 5 6 79 7 31 18 5 33 28 12 634 2622 253 25 1238 4
100 7 15 235 4
6 7 41 33 594 4
6 7 41 23 33 127 4
314 4
256 5 1122 4
54 4
314 4
314 5 17 11 2163 4
256 5 1122 4
314 4
216 5 60 4
38 4 748 5 14 7 15 369 37 67 25 24 181 27 4 6 111 5 6 262 33 34 210 5 6 79 7 31 18 5 2701 4
38 5 60 5 145 13 2409 14 4 6 35 23 127 13 56 480 4
29 141 446 11 894 4
54 5 65 5 65 5 93 105 5 637 5 637 5 1752 12 185 5 105 12 185 5 105 12 185 5 105 12 185 4 106 234 5 81 5 16 887 529 4
1450 10
20 5 105 5 166 19 56 8 451 924 4 106 7 15 118 1247 66 4
54 5 65 5 65 5 105 10 51 5 92 4 706 7 31 10 6 7 116 49 5 6 7 116 49 10
29 97 71 46 34 16 5 744 7 31 8 9
295 7 15 84 32 217 58 7 116 34 10
967 10 10 10 10
38 5 241 24 5 6 75 58 7 116 44 136 16 1939 4
78 6 153 36 47 1044 734 13 3034 4 51 5 16 35 47 896 734 4
135 27 4 20 10 78 5 81 5 159 11 145 4 4 4 4
6 7 41 127 2151 5 117 4
536 4 690 5 1673 2172 5 2948 1766 4
6 172 7 31 18 74 97 1830 4
614 5 21 14 666 9
327 8 107 11 403 8 87 14 1707 70 17 146 27 40 550 9
42 5 6 7 41 85 1051 4 6 172 7 31 75 11 403 35 46 470 16 14 23 2395 66 25 11 1509 4
140 7 15 658 1307 4
6 7 41 127 205 577 204 4 6 7 41 1319 17 1348 25 317 2185 47 669 4 6 586 12 1083 5 12 1083 13 56 137 22 168 4 30 7 15 11 1199 25 168 9 1946 4 20 164 79 7 31 10 100 7 15 145 13 369 4
29 7 53 1169 11 1440 7 15 12 282 45 9
48 5 171 5 8 18 16 128 91 7 15 118 1486 19 9 6 670 13 83 392 4
54 5 6 7 41 23 46 346 83 5 8 18 5 56 7 1381 7 5 50 8 18 5 50 6 87 39 164 241 58 243 66 37 80 4
164 5 24 21 39 8 4 100 7 15 1386 3010 4
48 5 1051 5 6 178 547 4 188 282 161 11 1274 283 1838 281 5 122 5 122 12 139 2383 25 1307 4
164 5 155 40 123 37 16 4 106 7 15 22 190 2917 4
2074 730 5 153 379 4 6 62 14 370 33 44 2994 5 59 6 7 41 43 528 4 54 5 868 84 11 145 278 367 63 8 4 100 692 19 1445 5 8 18 9
51 5 67 45 5 82 7 15 24 9 207 4 2369 128 4 203 7 15 194 1075 5 1552 28 2073 4 150 5 139 648 5 896 548 5 17 58 7 15 11 252 4 4 4 4 417 4 20 22 99 5 693 2681 2532 263 7 554 511 1484 5 881 10 7
164 5 24 21 8 10
290 87 8 49 13 12 2491 1047 9
78 16 7 15 82 8 905 14 9
42 5 160 5 14 21 254 1551 4 6 62 6 7 120 64 194 2958 1686 2822 61 4
237 8 5 140 4
38 5 23 5 92 5 98 6 7 41 127 4 256 5 109 27 4 964 5 1224 5 608 11 1647 5 427 145 189 6 46 49 9
48 4
776 11 1047 4
2020 4
20 112 5 589 12 128 5 2513 4
7 2594 43 4 579 350 5 1203 598 4 4 4
30 9
249 9 129 9
1041 9
249 5 21 58 12 2760 9
6 50 16 4 30 9
143 34 33 36 68 25 280 2471 4
478 448 17 12 417 9
78 5 17 5 17 124 404 280 104 1150 1812 5 8 18 4 78 124 7 53 5 124 7 53 497 184 27 11 2338 4 396 1041 2835 24 139 1483 184 67 292 25 144 4
38 4
20 140 4 150 5 24 128 7 15 194 1393 4 106 96 7 120 118 279 5 39 50 12 352 4 4
272 5 8 64 12 104 113 27 40 4 4 4
214 8 2388 9
150 5 14 21 1069 4 232 5 6 55 36 2980 1220 4
48 4
374 8 55 107 19 4 288 2728 96 50 13 18 125 6 172 7 31 659 70 63 11 490 6 172 7 31 18 6 114 392 4 188 175 86 113 73 803 19 28 1227 4 149 141 8 33 308 19 11 360 9 10
7 1110 10 88 4 291 26 64 12 449 37 164 2284 5 982 58 969 103 490 4 455 87 8 2736 13 28 22 747 9 1266 5 65 5 6 79 7 31 18 32 6 7 41 127 13 34 37 80 4 54 4 89 45 5 43 40 1762 1792 17 2423 146 11 402 5 11 611 250 33 328 4 7
7 314 5 95 98 5 169 5 72 164 1292 24 490 5 16 21 14 39 1266 4 6 79 7 31 424 10 1110 8 52 12 2474 5 32 123 55 8 84 83 9 7 6 148 12 1181 4
6 7 41 85 5 14 23 784 193 4
48 5 6 252 64 68 86 654 5 8 18 4 29 147 44 136 181 39 19 4 348 56 19 12 1160 4
30 7 15 11 139 378 9 129 79 7 31 8 191 84 1074 9
78 16 7 15 187 163 4 4 4 5 8 409 1837 2346 9
29 172 7 31 76 13 1082 40 1171 5 1171 52 199 558 13 8 4
30 21 14 37 8 204 10 6 62 5 11 185 8 432 13 264 115 5 8 36 13 368 251 9
48 5 8 18 47 16 9 10
201 74 21 65 1804 25 2744 4
2508 5 16 692 1260 4
20 5 112 4 348 39 14 168 5 2856 156 11 1287 2480 5 1076 146 11 1189 25 11 1903 5 1133 205 11 675 10
69 5 82 109 8 428 13 438 28 208 9
518 5 52 8 12 1295 10 2560 443 10 6 151 71 18 32 13 121 102 236 8 7 53 686 37 1153 8 2022 443 4
20 5 8 172 7 31 36 13 34 24 4
42 5 6 178 470 12 2091 4 407 5 171 22 2306 10 455 5 96 7 120 197 16 2328 5 195 809 96 470 19 12 1765 4
143 147 9
6 79 7 31 75 26 148 13 5 163 8 7 53 2275 19 66 45 93 10 214 8 92 9
29 339 76 179 13 930 28 275 9
38 5 95 5 14 946 19 10 6 62 6 33 225 3046 363 5 195 4 29 18 5 8 23 1016 19 137 61 39 2017 5 17 67 25 11 657 8 7 53 379 47 730 28 275 4 78 5 17 6 535 7 31 225 16 888 4 29 18 32 5 14 7 15 297 12 104 429 5 17 313 147 23 5 169 4 4 4
272 5 24 196 346 4
106 21 151 86 4
51 5 105 12 185 5 105 12 185 5 105 12 185 4 374 14 7 15 33 43 187 4 149 87 8 415 14 9
632 10
1104 13 223 562 25 11 1559 4
38 5 8 34 4
42 5 65 5 33 63 67 5 8 7 53 33 1374 5 8 23 5 8 23 148 174 2738 1180 4
314 4 69 5 32 8 36 13 34 21 5 8 36 13 2641 368 205 80 27 2936 4 78 94 771 1096 4
907 5 160 5 8 7 53 33 12 804 2069 4
54 5 265 8 4 195 10
30 52 8 136 61 9
214 8 317 2176 9 10
129 52 8 1240 61 9 29 79 7 31 410 28 24 1170 4 401 8 61 612 39 19 9
2374 9 30 253 25 364 1811 2882 9
201 21 24 364 9
455 7 15 364 21 14 9
30 242 9 10
51 5 8 18 5 68 25 154 269 21 549 61 4 2568 8 7 53 679 247 608 22 110 5 427 96 132 8 11 1289 717 27 11 1427 4 286 5 217 8 7 53 1169 16 8 7 53 679 247 5 427 23 692 8 43 1010 16 6 141 432 1046 45 61 28 11 2270 1297 4 69 50 427 25 306 154 126 34 8 76 13 44 9
106 7 2815 32 6 1951 4
288 99 10 195 5 26 206 44 7 1096 7 33 7 12 2608 7 4
29 18 32 5 325 7 15 46 44 92 4
38 4
216 5 17 1882 4
203 7 15 758 651 5 72 1074 97 12 128 5 73 7 215 44 686 37 247 217 159 93 4
48 316 4
1768 891 25 40 847 9
6 197 8 252 791 83 466 9
42 2518 5 430 44 61 4
30 12 1489 10
20 5 344 4
48 4
88 4
48 4
222 10
222 10 10
42 5 43 5 93 5 34 8 126 36 12 523 25 139 1191 9
29 18 130 193 5 90 7 18 26 141 186 14 110 74 241 11 2411 1912 14 161 40 1608 10
30 9
30 5 105 5 8 62 50 24 9
599 33 136 14 4
2312 40 450 9
6 18 12 128 1185 11 1268 4
1840 1268 4
38 5 212 130 125 8 585 56 2708 2107 5 1477 4
38 4
38 5 8 55 715 2806 4 48 5 55 6 510 40 408 9
54 5 6 191 715 14 4
38 10
1300 4
30 253 25 1419 21 16 9
69 1993 14 127 37 8 126 9
20 160 5 97 442 93 59 1216 889 257 11 343 2667 1613 5 17 912 5 17 2842 912 5 17 1990 912 5 17 4 4 4 4 220 180 11 1995 234 571 137 40 294 4
20 5 26 277 13 1085 332 158 461 595 11 1174 406 4
20 5 82 34 8 240 11 1174 406 9
6 23 1068 8 4
54 5 16 21 32 11 406 21 4
203 870 431 175 10
222 10 366 3019 4
48 5 32 253 25 213 34 8 34 9
1521 213 63 68 25 280 1020 1455 9
150 10 220 1221 10 54 5 6 114 65 481 4
29 62 50 593 9
42 5 6 77 75 24 5 90 7 18 4
334 10 992 10 992 10 334 10 334 10 334 10 334 10 334 10 334 10 183 7 18 5 299 10
1553 10 10 10
54 5 40 12 2257 5 101 279 5 57 33 12 2007 4
413 4 6 77 50 8 10 10
245 1702 5 32 130 33 32 8 34 9
6 77 18 5 6 62 5 90 7 18 5 24 21 11 1230 90 7 18 5 6 23 5 6 62 5 6 77 18 4
20 5 105 5 65 40 45 5 65 14 35 807 17 6 170 257 16 6 1976 14 70 43 187 4
42 5 65 5 1685 14 1042 807 5 59 90 7 18 14 35 254 279 5 90 7 18 5 212 26 114 67 280 134 1451 90 7 18 4
42 90 7 18 47 11 1099 113 5 90 7 18 5 17 82 6 218 8 47 22 582 17 22 2872 4 4 4
2363 6 50 13 715 181 5 17 82 6 3026 181 16 246 715 4
38 5 90 7 18 6 264 50 6 55 71 230 13 8 212 90 7 18 138 22 526 5 90 7 18 4
396 6 49 264 40 387 70 17 132 8 594 63 19 4
29 2247 12 104 2170 4 38 5 6 71 85 4
167 9
20 109 27 26 243 5 26 243 13 988 2651 5 26 661 2981 2512 5 6 618 64 654 666 159 12 1988 4 4 4
374 5 22 3023 259 4
2504 281 128 21 71 1123 13 186 27 1115 4
29 200 415 774 1901 27 11 408 4
478 4 167 1457 5 91 1930 71 1229 4 78 24 1075 128 5 91 57 33 182 47 5 163 102 58 385 17 6 1691 11 408 195 809 5 58 206 2677 5 1441 360 4
560 5 40 2545 21 937 59 24 73 1586 4
42 92 3028 5 456 39 1526 159 4
48 5 383 4
273 6 276 4
54 145 10
289 340 10 201 52 26 46 643 66 93 9
353 6 56 12 622 4
29 2871 10
2829 5 112 45 10
20 531 5 17 130 32 6 76 12 512 16 6 55 826 184 37 17 44 2997 13 177 11 338 68 4
78 93 261 589 14 70 221 4
140 10 176 10 88 10 30 34 142 75 9
216 5 103 312 21 460 5 271 12 403 5 265 8 199 157 4
237 8 4 69 1842 736 8 5 2912 8 679 1219 9
20 5 59 130 92 4
38 4
20 5 112 5 182 5 182 5 182 5 182 4 291 5 55 26 321 36 996 11 267 123 57 28 11 1230 9
51 10
399 10
48 5 138 818 4
57 23 815 14 13 44 1436 4
42 5 57 127 13 49 205 22 355 402 93 4 3025 10
48 10
20 5 77 265 19 5 265 11 717 16 151 2364 70 4 51 5 6 178 56 13 56 13 213 4
20 5 65 456 5 6 64 14 4 54 6 77 10
748 10 2460 70 13 893 5 64 12 104 294 2379 4
220 12 81 5 130 12 816 2688 4
624 8 889 257 4 150 10 167 21 12 134 283 4
1703 4
20 5 8 636 6 189 10
29 206 5 8 191 109 28 39 174 752 9
222 5 111 10 10 401 8 23 46 308 19 174 752 9
20 45 5 45 4
42 1492 4 4 4 112 10 42 5 33 23 752 5 1728 1343 5 1090 797 4 42 5 85 5 6 23 5 6 197 8 2228 19 4 57 609 12 717 4
119 92 4 6 1073 14 141 454 13 1065 5 33 1065 6 18 5 59 4 4 4 1305 11 145 6 55 153 84 14 4
255 9
119 33 28 11 402 9 20 65 4 6 170 257 24 21 549 221 4
51 5 444 37 11 819 2430 10 2930 5 6 77 410 61 304 4
57 85 5 1334 77 410 61 304 4 313 200 18 82 13 107 8 5 59 90 7 18 533 217 414 10
106 35 372 13 44 12 86 113 5 6 697 125 4 289 477 5 140 5 6 5 34 8 18 5 92 5 34 8 18 5 6 274 419 39 50 12 2333 163 6 64 50 12 1787 25 2267 27 68 25 11 2196 1717 4
38 5 6 652 751 6 114 12 139 2467 1095 27 11 158 562 4
51 5 24 21 32 57 379 47 5 24 4 313 148 13 410 28 12 2475 180 204 55 2964 4
465 5 160 101 33 40 1624 5 90 7 18 24 21 91 8 52 5 17 6 165 8 5 17 6 76 179 13 44 322 5 17 72 6 270 672 61 6 77 84 16 549 4
614 5 86 4 30 9
42 5 581 10
273 8 36 210 1129 9 401 66 25 1129 4
29 92 9
314 4
653 10 10 29 77 36 12 393 163 4 4 4 4 6 77 5 6 77 18 125 8 77 36 12 393 4 29 147 36 12 393 4
420 5 24 21 193 4
54 5 6 62 14 5 24 1109 71 86 4 228 14 12 590 1141 1425 9
464 5 6 147 49 5 68 25 11 2202 35 23 47 13 1763 12 2493 2978 4
20 112 5 16 887 134 4 20 5 17 477 5 101 5 101 46 44 4 4 4 4
20 5 60 138 45 5 6 77 18 125 6 284 197 24 35 482 2210 4
483 1043 9
51 4 51 5 927 95 84 8 301 131 4 51 1105 4
214 111 5 323 244 37 22 397 301 131 5 6 398 130 92 4
60 5 22 476 246 409 8 4
192 49 4
237 8 4
917 32 9
42 5 101 33 12 520 5 65 4 57 664 640 39 532 1022 146 63 11 1136 1231 4
38 5 112 4 119 50 22 683 13 308 115 110 13 11 640 1032 4
817 4
69 10 732 11 500 9
30 354 13 11 500 9
29 18 553 71 86 61 5 11 655 4 30 34 8 121 799 6 23 722 292 4
30 253 25 389 21 1120 13 655 9 6 248 11 253 25 389 16 859 63 12 500 4
6 18 10 10 119 12 634 10 30 5 138 11 252 68 184 61 91 55 132 12 1178 10 750 566 431 35 338 4 229 5 1179 5 26 196 36 154 1262 17 12 1301 4
388 661 684 4 29 18 32 684 250 13 12 623 9
1035 5 21 623 1210 5 60 4
51 4
465 160 328 10 119 33 16 187 4
38 4 220 688 4
216 5 14 1302 19 60 5 59 90 7 18 72 58 35 12 1134 63 11 340 391 5 320 44 1267 83 1079 4
69 4 60 5 261 1114 83 47 24 12 926 561 5 271 33 46 665 4
29 345 528 9
20 5 105 5 105 5 105 5 105 5 6 75 6 1245 22 1194 4
129 33 9
30 21 24 9 455 186 12 626 146 61 9 255 9
38 14 21 5 14 21 4 143 71 5 71 36 13 34 115 47 16 4
20 688 5 65 58 200 62 357 159 16 5 58 71 200 4
167 21 193 4 6 347 154 590 492 39 244 5 8 186 146 626 5 17 8 109 66 380 50 310 4 366 507 4 29 71 76 13 44 310 4 366 507 9 426 5 192 107 8 32 5 8 347 11 266 1067 5 310 4 366 507 5 67 45 4
29 114 13 34 14 5 200 8 9 29 274 23 415 14 860 4
60 5 208 35 47 11 154 25 8 297 610 4 20 5 96 8 23 84 22 619 5 309 4
38 5 57 46 49 13 12 403 91 243 13 555 28 12 1190 4
89 45 5 98 5 769 11 837 530 60 5 24 21 1192 5 72 26 771 893 5 92 4 69 5 192 767 83 13 1208 301 17 8 55 132 193 4
51 5 98 5 60 5 6 689 16 22 591 21 1028 5 59 130 125 8 36 64 13 44 11 710 168 61 4
51 5 95 170 8 23 447 14 68 224 123 60 9 394 19 9 394 19 9
51 5 95 8 52 23 46 36 117 5 92 4 407 6 309 64 12 916 17 12 591 91 649 377 28 11 336 285 275 5 92 5 6 77 191 36 13 36 12 915 285 39 8 117 10 10
1039 4 60 4
335 39 244 190 131 4
978 350 4 986 142 34 9 1062 61 9
30 9 30 9 361 660 28 8 4 962 582 40 350 5 58 23 474 13 18 82 8 64 61 4
30 9 10
219 153 127 13 16 619 5 16 168 274 56 205 796 555 28 1071 10
453 19 5 536 4 494 628 13 44 194 846 403 4
42 130 103 190 312 4
78 169 5 764 19 5 58 1284 19 4
20 99 10
135 27 10 219 23 1165 10 1005 795 52 235 10
57 85 5 166 80 9
42 32 72 247 1255 115 9 149 52 8 46 368 241 83 37 68 568 1144 351 11 158 9 10
320 165 174 797 4 335 4
38 160 5 57 923 45 74 10 129 200 8 23 107 83 47 11 873 6 723 64 941 363 4
483 1043 9
51 4 51 5 927 95 84 8 301 131 4 51 1105 4
214 111 5 323 244 37 22 397 301 131 5 6 398 130 92 4
60 5 22 476 246 409 8 4
192 49 4
237 8 4
917 32 9
42 5 101 33 12 520 5 65 4 57 664 640 39 532 1022 146 63 11 1136 1231 4
38 5 112 4 119 50 22 683 13 308 115 110 13 11 640 1032 4
817 4
69 10 732 11 500 9
30 354 13 11 500 9
29 18 553 71 86 61 5 11 655 4 30 34 8 121 799 6 23 722 292 4
30 253 25 389 21 1120 13 655 9 6 248 11 253 25 389 16 859 63 12 500 4
6 18 10 10 119 12 634 10 30 5 138 11 252 68 184 61 91 55 132 12 1178 10 750 566 431 35 338 4 229 5 1179 5 26 196 36 154 1262 17 12 1301 4
388 661 684 4 29 18 32 684 250 13 12 623 9
1035 5 21 623 1210 5 60 4
51 4
465 160 328 10 119 33 16 187 4
38 4 220 688 4
216 5 14 1302 19 60 5 59 90 7 18 72 58 35 12 1134 63 11 340 391 5 320 44 1267 83 1079 4
69 4 60 5 261 1114 83 47 24 12 926 561 5 271 33 46 665 4
29 345 528 9
20 5 105 5 105 5 105 5 105 5 6 75 6 1245 22 1194 4
129 33 9
30 21 24 9 455 186 12 626 146 61 9 255 9
38 14 21 5 14 21 4 143 71 5 71 36 13 34 115 47 16 4
20 688 5 65 58 200 62 357 159 16 5 58 71 200 4
167 21 193 4 6 347 154 590 492 39 244 5 8 186 146 626 5 17 8 109 66 380 50 310 4 366 507 4 29 71 76 13 44 310 4 366 507 9 426 5 192 107 8 32 5 8 347 11 266 1067 5 310 4 366 507 5 67 45 4
29 114 13 34 14 5 200 8 9 29 274 23 415 14 860 4
60 5 208 35 47 11 154 25 8 297 610 4 20 5 96 8 23 84 22 619 5 309 4
38 5 57 46 49 13 12 403 91 243 13 555 28 12 1190 4
89 45 5 98 5 769 11 837 530 60 5 24 21 1192 5 72 26 771 893 5 92 4 69 5 192 767 83 13 1208 301 17 8 55 132 193 4
51 5 98 5 60 5 6 689 16 22 591 21 1028 5 59 130 125 8 36 64 13 44 11 710 168 61 4
51 5 95 170 8 23 447 14 68 224 123 60 9 394 19 9 394 19 9
51 5 95 8 52 23 46 36 117 5 92 4 407 6 309 64 12 916 17 12 591 91 649 377 28 11 336 285 275 5 92 5 6 77 191 36 13 36 12 915 285 39 8 117 10 10
1039 4 60 4
335 39 244 190 131 4
978 350 4 986 142 34 9 1062 61 9
30 9 30 9 361 660 28 8 4 962 582 40 350 5 58 23 474 13 18 82 8 64 61 4
30 9 10
219 153 127 13 16 619 5 16 168 274 56 205 796 555 28 1071 10
453 19 5 536 4 494 628 13 44 194 846 403 4
42 130 103 190 312 4
78 169 5 764 19 5 58 1284 19 4
20 99 10
135 27 10 219 23 1165 10 1005 795 52 235 10
57 85 5 166 80 9
42 32 72 247 1255 115 9 149 52 8 46 368 241 83 37 68 568 1144 351 11 158 9 10
320 165 174 797 4 335 4
38 160 5 57 923 45 74 10 129 200 8 23 107 83 47 11 873 6 723 64 941 363 4
143 196 4
54 383 5 1597 13 186 144 28 2243 2213 4 2361 13 34 24 4
38 4
54 5 65 5 65 5 8 121 16 1672 4
100 35 1905 1360 4 227 572 6 35 47 13 2986 80 5 43 73 1149 80 139 894 2118 654 2335 45 205 22 805 4 78 23 270 497 4
222 5 506 5 506 5 824 5 824 5 824 5 8 87 33 713 11 406 5 11 2663 200 597 5 163 25 11 2226 2540 5 171 17 159 11 145 2058 2524 2218 4
464 4 220 102 223 516 206 26 97 33 13 240 631 276 221 4
353 6 84 8 39 12 358 9
209 105 12 185 384 5 82 52 26 46 56 74 5 384 5 163 22 516 585 166 19 1907 11 828 4
51 5 43 82 34 26 1621 16 9
1428 10
60 10
51 4 89 45 4 69 333 84 5 333 240 161 11 2150 55 5 13 11 1435 4 314 4 478 580 498 5 95 1344 156 4
150 10 289 50 28 11 997 4
245 39 19 10 245 39 19 10 245 39 19 10 20 279 5 24 21 22 175 895 4
51 5 43 32 34 8 126 71 75 25 195 9
38 4
641 2362 9
6 197 8 676 28 330 4
348 10 348 10 348 10
135 27 5 333 49 10
2465 4
211 5 581 5 101 819 146 4
150 10
100 23 2724 19 16 40 153 1560 181 50 24 4
51 5 101 358 146 4 727 67 11 358 1540 8 148 4
48 10 42 5 261 118 2463 39 16 22 1014 330 10 286 115 47 8 130 62 10
316 5 368 10
211 5 581 5 11 1593 1485 4 100 246 597 4
20 316 5 130 134 4 100 246 597 4
20 22 99 10
814 5 92 4
2561 10 10
51 5 175 25 67 5 6 77 240 37 1496 5 17 358 25 67 5 8 18 6 114 2068 1359 10 10
20 71 10 129 21 16 9
51 5 180 28 11 430 87 8 56 16 9 10
106 834 21 431 10
89 45 5 43 52 26 33 323 244 63 67 9
119 258 5 90 7 18 5 103 895 21 833 13 1031 282 4
30 52 8 46 34 9
51 4
88 4
222 10 222 10 222 10 641 37 11 2866 9
6 243 71 440 4
119 65 484 16 40 724 5 212 8 64 13 386 175 5 43 8 64 11 262 2818 4
219 43 1010 10 129 170 8 23 848 14 5 97 724 163 57 262 351 8 4
30 9 10 188 126 2256 11 448 9 293 5 130 1471 140 5 163 57 252 146 159 292 2047 4
6 55 33 257 40 2255 19 10 10
214 8 46 166 19 240 9
167 749 5 6 35 23 70 159 16 157 10
214 26 595 631 122 32 9 135 27 8 1454 2313 4
20 22 99 10 29 1387 236 37 12 924 935 117 9 10
89 45 5 65 5 95 6 76 13 486 144 13 5 59 496 854 5 90 7 18 82 52 26 46 1092 292 854 9
54 10 135 27 10 505 132 19 49 440 4 2629 19 4 388 151 1168 19 4
135 27 383 5 166 80 616 11 1228 4
237 8 10 2534 10
57 43 85 10 214 8 92 9
51 5 92 5 43 26 56 13 155 16 522 2377 113 319 10
51 4 907 10 20 5 24 21 223 190 895 5 112 4
51 4
295 49 10 295 49 10
948 10 948 10 135 27 10 119 2884 5 101 33 558 91 1029 122 1292 4 188 558 113 21 5 11 1031 282 589 19 10 601 10 435 8 10 2429 707 195 10 237 8 5 2193 10 239 131 10 10
290 738 888 444 5 2703 109 28 4
54 10 29 166 49 10
149 109 101 284 179 202 28 11 1341 811 11 1228 9
2833 11 24 10
